100
10 0
99138 89759 74694 15170 28432 34782 6929 95558 30289 22105
10 0
39977 54385 27713 77469 96968 8240 54332 62909 32733 42849
10 0
86772 55754 39784 58499 21432 28495 26310 11105 95116 43549
10 0
12276 49414 45960 38695 63710 88165 54748 69089 43895 32124
10 0
2146 31539 51806 31076 75768 11305 70431 38177 26006 45502
10 0
88055 79327 43424 14244 91007 83692 2973 99662 2904 85011
10 0
83224 88563 71245 5966 85053 74448 47046 48273 99435 36561
10 0
86447 59152 10861 1372 69022 17825 84776 85538 48926 7264
10 0
24333 25569 30806 69669 6343 15659 79582 8606 60274 48957
10 0
72299 35634 63207 65206 67241 42431 59486 25359 7707 65104
10 0
24360 93541 70017 13983 76579 75643 30 30942 35898 35652
10 0
36156 1905 95645 97986 38419 57659 72104 5435 65456 14512
10 0
83593 48074 61668 19425 71325 46008 67051 44374 85344 27244
10 0
98833 49371 85427 76758 5142 17058 34210 44610 53633 2803
10 0
17842 79038 49453 29609 45357 66370 54360 28240 83410 92960
10 0
61460 61772 93634 61622 67845 90173 98954 37620 7319 62769
10 0
71393 89170 33620 73969 61061 10322 66225 16005 80943 36485
10 0
57 77973 71905 89364 96950 99803 27195 47677 28963 25558
10 0
87646 7756 79857 40130 9864 2564 49032 49701 5915 15791
10 0
37149 28996 48668 40495 12983 48469 41201 85646 95321 61470
10 0
4867 33020 66531 75744 23520 43075 67743 57332 87652 26723
10 0
57453 35222 56307 24464 76311 64354 98618 2672 53580 15103
10 0
58443 58401 98815 18271 57864 51706 49335 71250 60497 39582
10 0
60696 47691 97295 96938 66401 65685 9651 80716 9061 33874
10 0
22469 63435 69367 50726 65211 17017 73804 72768 15129 91632
10 0
70382 8452 48662 2596 85578 61061 88243 24017 68815 42655
10 0
87482 50042 91980 1128 64500 77288 51888 84194 60904 17832
10 0
11942 26100 23489 76020 65995 47103 22520 1534 44913 52543
10 0
66623 11430 56872 77232 21403 6532 93659 5631 99711 18655
10 0
85230 26193 39656 31833 6707 9443 20259 24070 93160 84105
10 0
63348 99964 95449 46146 88018 89174 43541 56064 76082 93483
10 0
19501 17563 7802 88347 66186 40607 16738 39705 7352 37590
10 0
20662 5451 77837 91710 86956 91629 92668 26496 31480 10609
10 0
27151 42191 74712 70382 33476 34783 33662 35656 69347 55574
10 0
253 67172 65949 95253 85066 34135 8350 36788 98929 13198
10 0
92070 3506 95576 91740 19263 22330 65949 53245 38656 80576
10 0
727 12212 7560 53576 75772 7634 35618 73311 88313 90095
10 0
93348 36784 41564 39280 84821 16079 98296 47514 17991 52005
10 0
83362 17358 57158 87874 54644 72248 27228 60171 39372 92341
10 0
78437 50124 68216 88019 97765 51813 68407 93966 71191 73862
10 0
25214 77875 5295 61623 37994 35647 94910 58586 89552 51533
10 0
95277 36128 40854 64609 85250 2022 40158 92427 34009 60533
10 0
32975 33704 17799 74664 2382 35368 92362 81838 50689 2063
10 0
6534 24838 36307 62031 51048 4207 25084 1690 64247 72715
10 0
6929 41440 42924 85493 6358 4114 89119 8198 4214 76654
10 0
91280 66539 16348 99790 56920 86296 64198 87891 68865 22143
10 0
81434 73367 72815 25337 54470 79493 85324 41873 91908 21134
10 0
64011 65380 6756 3952 2980 41466 23447 70573 50295 49118
10 0
27411 81695 70894 29951 45571 5261 28340 92760 61923 6472
10 0
28374 72321 46914 71231 16272 73985 36997 41271 11167 85032
10 0
10216 92796 22599 93094 73221 52949 79886 19527 54634 83959
10 0
71185 75734 59049 21982 26754 17452 73180 26698 26341 71785
10 0
48245 46252 93320 61606 66121 30637 74495 11641 65990 63439
10 0
11127 52276 14141 94048 76215 83854 88314 93387 22513 35707
10 0
79641 2161 84160 26862 12711 46049 33886 16024 6240 36592
10 0
13640 16142 88193 71401 79829 3622 30739 17304 31501 81454
10 0
52365 75830 66173 91132 17346 65965 69372 62407 462 43744
10 0
17764 50976 59936 64712 47453 450 87047 87794 39318 51889
10 0
76429 5334 57264 29395 29156 95913 68437 89527 83665 24154
10 0
15568 72349 18153 79899 81538 75444 66426 56479 1396 33487
10 0
92255 14429 6930 49465 8596 42475 90076 6761 49873 15172
10 0
42612 85384 36190 30118 57251 15414 34550 75398 34660 99893
10 0
34509 13853 30768 61035 73367 42780 60450 17560 30109 32279
10 0
96036 16482 67237 16384 75437 86845 61214 50710 56016 53759
10 0
93303 79807 66494 96358 28892 60164 66144 5171 52571 74444
10 0
9500 57850 26892 35903 57629 24390 20094 61391 59867 31359
10 0
14502 44773 5759 40630 89193 81252 51151 41504 50637 86373
10 0
87826 71650 74412 64151 22666 36252 50360 21959 98001 75642
10 0
14913 65037 56259 34958 89496 52415 72073 93096 74821 99757
10 0
98346 10866 63641 11878 53200 424 96011 43232 48829 46038
10 0
69903 45291 11170 34048 10135 25762 57704 44162 47654 52028
10 0
77535 44783 29879 7457 85763 44578 46577 75645 14706 40202
10 0
9025 94532 97353 10593 5766 5076 30239 60886 17805 59142
10 0
24144 24967 71806 7320 73132 66144 53111 2069 54150 93417
10 0
30486 3683 8333 55623 85739 69905 52561 51207 16099 61882
10 0
59934 60653 30547 86596 1201 12896 20516 45182 30941 14496
10 0
40433 35820 88709 99420 92031 82974 45938 56856 4614 85145
10 0
89217 62967 98875 58287 25655 1429 69147 41040 93827 35499
10 0
14533 15604 72061 80182 12470 99206 80724 16134 89391 43099
10 0
81624 21082 87122 48570 23728 54950 41327 3299 24775 55194
10 0
81627 54898 39635 74017 58697 25694 16616 51178 47669 12965
10 0
74516 42654 53891 29778 68495 31703 43542 243 56665 36693
10 0
39535 32315 6027 81238 90159 23960 83739 63060 83952 11931
10 0
67505 36836 31951 69055 11058 20898 32843 53296 82395 89860
10 0
99396 65573 37508 70269 8186 11256 83965 63697 22867 21281
10 0
58276 34458 48696 48217 3592 40356 2489 77973 88642 12909
10 0
76856 25079 40347 899 28275 33765 54798 82786 98751 34010
10 0
54511 85052 99384 50989 71729 44154 93496 10485 95699 71174
10 0
59708 12104 64153 18882 45120 41994 51681 71676 17943 78753
10 0
15303 29637 43546 29308 58204 42923 96290 7463 9151 76782
10 0
79507 39051 37239 88572 52634 62983 97618 8928 15718 81865
10 0
81771 45983 45815 40481 19450 72147 48698 38058 20776 49821
10 0
13220 55531 20545 86451 80433 6289 72546 53452 19934 66843
10 0
63237 9742 78011 75231 51281 54874 37069 67520 36038 25070
10 0
63566 89002 84981 57305 388 89925 69733 28484 30501 81651
10 0
69771 32475 30345 6632 10844 58311 51626 4463 37796 40020
10 0
25719 66584 49860 29952 98926 44447 59767 87061 52847 73560
10 0
66920 58528 52919 11383 15286 61605 79630 554 6098 67382
10 0
12303 84095 37290 79647 803 67496 24758 28514 21369 82707
10 0
94857 83543 51136 61040 37877 59277 45982 82868 70898 46089
