1
2
3
4
5
6
7
8
9
10
11
12
13
14
15
16
17
18
19
20
0
2
2
4
4
6
6
8
8
10
10
12
12
14
14
16
16
18
18
20
0
0
1
4
4
4
5
8
8
8
9
12
12
12
13
16
16
16
17
20
0
0
0
4
4
4
4
8
8
8
8
12
12
12
12
16
16
16
16
20
0
0
0
0
1
2
3
8
8
8
8
8
9
10
11
16
16
16
16
16
0
0
0
0
0
2
2
8
8
8
8
8
8
10
10
16
16
16
16
16
0
0
0
0
0
0
1
8
8
8
8
8
8
8
9
16
16
16
16
16
0
0
0
0
0
0
0
8
8
8
8
8
8
8
8
16
16
16
16
16
0
0
0
0
0
0
0
0
1
2
3
4
5
6
7
16
16
16
16
16
0
0
0
0
0
0
0
0
0
2
2
4
4
6
6
16
16
16
16
16
0
0
0
0
0
0
0
0
0
0
1
4
5
4
5
16
16
16
16
16
0
0
0
0
0
0
0
0
0
0
0
4
4
4
4
16
16
16
16
16
0
0
0
0
0
0
0
0
0
0
0
0
1
2
3
16
16
16
16
16
0
0
0
0
0
0
0
0
0
0
0
0
0
2
2
16
16
16
16
16
0
0
0
0
0
0
0
0
0
0
0
0
0
0
1
16
16
16
16
16
0
0
0
0
0
0
0
0
0
0
0
0
0
0
0
16
16
16
16
16
0
0
0
0
0
0
0
0
0
0
0
0
0
0
0
0
1
2
3
4
0
0
0
0
0
0
0
0
0
0
0
0
0
0
0
0
0
2
2
4
0
0
0
0
0
0
0
0
0
0
0
0
0
0
0
0
0
0
1
4
0
0
0
0
0
0
0
0
0
0
0
0
0
0
0
0
0
0
0
4
