2
0
20
10
12
0
5
26
0
2
12
7
3
4
3
3
32
14
26
18
2
4
14
14
14
6
5
22
3
14
16
0
0
10
18
13
3
14
18
17
27
29
0
7
13
24
12
9
14
18
2
6
12
11
6
1
0
20
28
19
15
16
22
7
2
3
17
18
7
18
5
18
14
7
18
3
21
17
11
22
10
22
7
10
28
14
20
10
5
19
18
8
3
0
0
9
16
22
1
14
27
2
15
25
0
17
5
6
8
14
14
3
14
17
24
3
3
4
1
0
12
23
8
9
0
4
1
13
12
29
25
26
16
15
25
0
16
8
4
10
0
15
14
8
24
23
1
3
12
0
0
17
9
19
7
11
32
11
34
12
18
27
5
23
6
10
26
12
7
0
8
0
30
10
17
5
5
2
5
13
24
29
2
9
20
17
9
28
16
19
23
4
3
18
11
9
11
10
6
12
0
4
25
13
1
22
17
11
9
1
21
13
6
15
10
1
0
27
19
23
18
16
12
11
20
20
16
6
11
3
21
10
10
0
5
0
23
17
21
24
16
5
4
15
26
1
15
10
10
0
24
24
15
4
1
0
4
26
4
12
17
13
17
6
4
0
8
34
0
11
12
19
24
0
6
26
7
9
17
2
6
2
4
23
19
20
24
11
21
28
5
21
3
23
0
18
13
29
5
9
11
28
0
15
25
18
0
11
17
6
1
0
0
5
10
5
7
4
18
7
1
24
1
21
12
4
11
2
14
3
27
0
11
4
12
27
1
7
8
14
15
6
11
11
7
15
14
0
1
23
27
15
0
19
12
1
18
5
17
5
23
2
8
19
14
10
11
2
4
5
6
20
14
1
22
0
19
21
11
26
8
26
6
16
2
11
5
0
2
9
6
13
4
11
13
3
4
14
22
10
1
18
18
3
5
7
8
3
13
3
15
7
16
12
13
14
0
16
9
7
19
15
17
17
19
5
12
3
16
13
0
7
12
20
8
1
0
5
13
18
23
17
17
1
0
3
0
0
8
9
8
0
5
0
27
0
1
26
30
6
5
16
14
6
21
6
21
7
0
7
15
15
18
0
20
11
22
8
0
11
13
30
2
19
15
16
15
13
2
17
11
0
3
0
15
6
3
1
0
10
13
5
10
4
15
6
20
2
4
23
3
0
2
5
18
9
28
14
5
15
0
15
17
23
13
6
21
11
32
1
18
5
25
22
5
1
9
0
25
2
5
0
0
7
28
1
19
18
21
16
17
9
1
8
5
7
1
16
29
12
7
16
6
5
5
14
9
16
32
14
12
16
3
2
6
2
10
0
19
12
14
0
31
22
8
17
18
0
1
21
16
6
5
11
17
0
6
25
3
13
21
13
11
10
3
21
19
11
7
8
7
0
2
6
5
2
4
26
14
12
3
5
1
5
12
30
5
5
22
0
8
9
4
7
24
0
0
10
3
9
1
0
5
4
11
3
10
3
7
2
11
7
0
10
13
1
0
25
11
14
14
7
3
0
17
21
0
31
0
19
9
5
29
26
6
12
14
13
0
25
0
22
13
23
0
7
26
5
6
0
9
18
13
12
11
14
5
11
14
10
15
9
16
8
22
18
22
12
7
0
2
8
33
23
5
6
6
0
0
11
19
5
9
27
10
29
5
23
31
12
3
5
3
24
9
7
7
14
10
0
22
9
8
4
19
27
21
11
23
16
0
8
0
0
13
26
0
10
10
1
9
24
26
6
1
22
12
5
2
20
27
10
11
4
0
3
0
6
11
26
23
15
4
8
1
6
0
2
0
21
26
21
8
15
5
15
14
14
11
18
2
10
4
29
0
8
9
9
7
24
2
5
31
11
17
0
20
12
15
15
16
0
18
0
34
8
0
0
3
18
0
8
22
10
6
19
19
0
3
8
0
13
32
4
11
14
4
18
2
17
16
6
8
6
6
13
17
7
28
0
16
11
8
2
16
1
6
24
20
1
23
5
4
16
1
8
10
7
8
0
34
21
17
0
6
16
11
10
15
2
22
19
8
7
7
10
1
16
26
0
20
4
14
9
11
10
8
19
14
22
3
4
16
7
4
27
5
8
22
0
15
36
17
16
18
5
7
12
21
16
1
6
20
18
2
26
8
1
2
13
6
23
8
23
10
18
2
35
17
3
14
3
22
11
5
5
9
17
0
8
2
27
0
3
0
35
2
9
7
12
18
12
5
27
15
4
7
10
13
5
17
0
9
24
8
4
12
23
20
1
27
7
25
15
19
7
19
0
28
10
