1000
2
6 6
16 51
7
10 10 7 1 1 7 10
20 48 34 31 17 18 4
8
10 1 1 10 10 4 4 2
9 42 28 53 14 49 50 35
6
2 2 5 4 7 3
31 55 54 57 17 54
3
8 7 1
7 9 22
8
3 10 1 2 7 10 3 1
59 11 39 57 36 52 28 35
7
1 2 10 7 8 10 3
51 51 32 59 51 43 46
6
4 2 1 3 7 5
13 27 56 15 26 53
3
4 7 7
59 54 21
3
3 4 2
36 13 23
2
5 8
44 47
1
4
8
8
9 6 3 1 8 10 9 4
9 47 14 48 45 60 59 41
6
4 8 8 1 8 10
36 7 18 22 40 57
7
9 7 2 10 5 8 1
4 42 4 33 56 52 29
6
4 5 10 7 9 5
8 58 29 19 53 14
2
5 10
11 14
1
10
41
4
6 9 3 9
7 46 27 55
2
9 9
55 28
8
10 8 1 4 1 4 6 7
10 17 9 39 46 19 9 33
5
7 8 4 6 8
52 23 38 6 29
3
4 7 2
48 38 47
6
6 6 10 1 4 2
9 22 7 27 37 16
5
3 9 10 1 7
31 2 29 21 17
2
3 9
44 5
5
1 8 1 2 1
54 27 13 27 8
6
4 4 5 5 7 3
53 22 24 52 57 53
5
5 8 10 6 5
35 45 23 1 58
8
10 2 10 5 6 2 7 1
6 30 38 54 26 28 10 29
8
4 4 3 3 2 1 4 6
47 16 43 12 57 41 25 57
1
4
40
8
7 1 8 5 4 9 3 4
53 9 24 53 10 41 5 56
6
8 6 2 10 7 10
39 51 47 55 6 60
7
6 5 5 4 4 6 7
60 25 30 7 28 59 54
4
4 8 1 8
45 16 11 45
3
4 9 7
5 5 47
5
3 6 5 5 2
16 40 2 55 11
1
1
32
7
9 9 7 8 5 10 5
51 46 7 32 49 36 15
6
6 9 7 9 1 7
31 1 14 43 57 2
7
9 2 5 3 4 8 8
58 49 56 40 41 32 9
6
10 7 3 3 2 6
37 16 24 36 54 30
5
7 9 7 9 1
3 4 38 47 16
7
1 6 4 3 5 7 5
10 19 40 25 6 16 7
7
10 8 5 3 5 2 8
48 31 38 56 32 40 45
8
9 7 10 3 6 4 10 5
12 37 33 39 40 30 46 29
4
9 4 9 5
21 58 9 4
5
9 4 1 2 7
16 37 47 1 43
3
3 3 4
9 9 35
5
6 1 1 6 2
58 22 42 6 29
2
6 1
57 24
7
6 6 1 4 6 10 5
2 46 57 31 31 49 44
6
8 4 2 9 7 2
9 33 11 48 13 5
5
5 6 9 7 10
22 41 51 57 4
4
6 5 3 10
53 15 27 53
1
1
8
4
2 3 4 5
44 12 48 18
7
5 10 10 4 8 1 2
32 33 53 28 23 56 58
5
5 9 6 10 6
28 58 19 32 14
5
8 10 9 1 8
35 44 10 46 38
5
2 4 5 10 2
40 46 18 8 51
2
9 7
1 43
4
6 4 2 4
38 37 16 59
4
1 8 2 7
6 15 11 31
2
7 2
46 9
4
3 5 7 8
37 42 9 49
7
6 10 6 3 4 7 4
51 3 8 51 5 3 31
8
10 8 5 5 4 5 7 8
18 17 8 13 42 38 52 49
8
7 3 7 3 8 4 4 2
26 38 55 31 49 20 23 46
8
2 9 8 6 9 3 9 5
53 57 40 36 3 24 1 10
2
2 2
34 60
6
8 4 7 4 5 2
10 23 21 48 19 11
8
5 9 8 2 1 1 7 1
8 34 6 50 13 20 22 30
1
9
41
6
8 4 7 7 2 7
30 59 42 54 20 17
3
4 9 10
45 12 44
4
2 1 9 4
43 34 47 36
6
7 3 8 3 8 4
36 18 1 52 7 26
2
1 6
57 37
3
8 7 9
55 17 23
2
5 9
45 8
2
3 7
15 40
7
2 8 6 4 9 4 4
7 17 30 15 19 13 38
7
6 3 2 9 6 5 2
25 38 48 41 15 60 15
1
2
10
3
1 2 4
55 17 28
2
8 4
39 26
6
2 1 6 1 3 3
27 54 8 38 26 50
4
7 9 6 6
14 57 16 17
7
10 5 5 5 2 1 10
27 19 10 45 44 37 52
6
2 7 1 3 5 9
39 5 5 46 35 13
5
10 5 1 7 3
26 3 15 25 29
8
5 2 9 5 5 9 8 1
44 5 36 60 54 15 42 59
2
9 9
44 24
7
4 3 10 4 8 1 7
13 24 13 24 42 40 36
8
3 3 6 3 9 1 6 7
40 50 60 3 28 10 36 56
3
7 1 10
19 1 22
1
5
9
5
7 10 4 4 8
7 11 9 34 8
3
5 1 7
38 11 26
8
2 4 6 5 1 4 6 5
50 17 57 33 54 8 58 1
1
7
44
3
7 4 3
50 32 42
8
4 8 1 2 10 3 4 2
4 3 47 24 15 4 16 58
4
6 10 6 1
8 37 29 52
5
8 6 9 7 7
25 30 24 47 6
4
6 3 6 2
37 35 9 33
5
6 9 8 4 9
58 44 18 20 22
3
10 8 2
52 9 16
5
7 1 4 6 8
47 10 4 60 30
2
1 9
30 5
7
1 9 4 3 2 6 10
34 15 4 6 28 18 32
6
8 8 3 6 9 1
36 41 3 53 39 1
1
8
38
2
9 10
10 26
2
8 4
55 41
7
3 4 6 1 1 2 8
3 44 51 51 33 48 41
2
6 5
59 41
1
1
51
5
10 10 5 2 2
44 19 47 45 43
5
9 1 3 5 3
29 50 41 49 9
2
9 9
54 3
7
3 7 10 7 9 5 5
59 36 8 59 32 14 38
3
4 3 5
40 22 46
4
3 4 9 2
13 1 28 22
7
5 6 3 2 6 8 1
30 42 37 33 46 5 60
8
1 4 2 4 1 9 6 7
44 21 3 25 57 41 28 58
5
1 8 10 7 1
41 56 42 3 3
8
3 2 5 2 4 10 7 8
20 48 32 7 46 34 46 1
4
7 5 9 10
49 18 46 35
7
8 1 7 2 8 6 6
50 22 18 39 41 45 3
7
2 6 7 3 10 7 8
32 8 51 7 8 24 1
3
5 6 7
19 15 1
1
8
45
4
6 8 8 1
4 36 32 56
4
5 3 1 3
41 19 15 52
2
1 10
37 53
4
5 6 9 6
29 58 8 38
8
8 10 5 2 5 9 2 5
12 22 9 45 20 41 48 45
1
4
21
4
4 6 10 5
29 13 51 32
6
4 3 3 4 7 5
19 13 27 2 6 49
8
4 3 1 10 1 3 8 6
3 4 44 49 40 36 25 16
3
3 2 6
19 3 59
8
10 7 8 2 8 6 8 2
60 8 9 25 21 26 16 57
2
2 8
51 32
3
4 7 4
27 3 45
5
4 7 3 5 3
33 53 7 40 1
7
7 5 4 6 7 1 1
5 3 14 23 35 18 23
4
3 5 4 3
56 50 52 26
5
6 2 2 6 4
14 2 8 46 48
3
4 1 2
38 45 18
2
10 6
15 42
8
4 6 6 2 6 1 1 6
30 41 30 10 58 16 20 6
6
5 5 4 4 2 10
58 56 43 25 6 42
7
7 4 10 2 10 5 8
12 11 31 49 58 14 23
1
6
14
3
9 7 6
54 56 18
4
5 10 1 6
22 12 37 36
8
9 1 7 4 6 4 7 8
27 51 7 4 28 2 30 4
6
5 5 9 2 9 3
25 27 1 2 7 57
7
6 10 3 4 2 5 2
32 25 28 22 47 57 49
8
3 5 6 4 3 8 10 8
23 57 46 50 35 38 20 55
8
5 9 6 8 4 9 8 5
27 58 58 58 20 1 46 36
5
3 6 2 9 3
3 1 5 21 40
6
4 7 7 3 4 2
52 53 12 18 7 35
7
4 6 7 1 1 9 7
35 11 33 9 54 56 25
4
5 7 4 10
12 48 27 51
4
3 4 10 6
34 44 19 5
4
3 3 8 5
30 8 24 16
3
2 9 5
3 11 11
3
3 9 5
9 43 4
1
7
47
7
8 6 10 4 1 3 7
47 40 18 37 42 52 56
2
2 1
6 12
4
8 8 5 7
52 54 36 7
2
4 2
7 23
3
8 9 6
15 34 18
8
8 9 10 4 9 8 1 3
48 19 11 57 46 7 17 40
3
5 4 10
11 12 16
2
7 4
4 60
1
3
31
2
5 2
5 17
7
2 10 4 1 5 1 9
19 19 19 38 17 5 38
1
6
13
6
1 2 3 10 8 10
59 31 35 18 14 2
2
9 3
6 31
7
5 3 10 7 1 8 6
58 19 32 6 8 35 41
5
6 10 9 3 4
44 22 34 21 59
6
2 5 6 2 8 1
26 23 17 29 51 44
5
3 8 7 7 1
47 40 22 19 35
1
8
9
4
8 6 4 7
45 6 31 52
2
5 6
41 26
7
5 8 4 8 7 1 5
7 34 49 2 1 50 41
7
8 10 8 8 7 9 6
21 38 4 55 58 32 48
6
6 4 1 2 2 6
9 44 7 31 19 49
3
8 9 6
36 59 60
8
4 8 5 1 8 1 2 10
3 57 22 46 26 53 32 23
6
9 6 1 9 3 3
45 40 43 12 51 29
7
7 7 8 8 10 4 7
12 42 13 44 31 9 23
3
6 9 5
33 28 11
7
1 7 2 1 4 10 4
44 9 48 34 56 4 10
5
7 6 2 1 2
25 9 12 44 19
7
4 5 4 10 1 3 10
35 26 48 40 8 29 22
6
4 5 5 2 3 1
31 36 54 15 39 3
7
2 10 8 4 2 8 4
11 41 19 18 42 59 55
6
5 7 10 7 2 9
45 18 3 17 4 13
1
6
17
6
6 3 7 6 6 5
55 37 9 21 53 31
6
8 2 2 10 2 4
48 8 5 10 48 39
8
9 2 5 3 6 4 2 4
5 57 40 44 14 58 56 33
8
2 1 9 1 10 8 10 6
54 21 18 47 54 30 20 29
8
2 7 3 8 8 3 2 3
14 28 59 51 46 6 32 12
8
8 1 9 7 4 4 2 7
20 23 32 27 49 22 9 44
2
9 4
29 3
7
10 5 5 8 9 7 7
60 33 57 24 59 48 35
2
9 7
44 34
1
9
49
5
2 6 10 5 5
32 21 55 16 14
4
3 7 7 4
35 38 15 1
4
7 10 6 9
19 43 55 21
4
9 7 3 2
46 44 56 25
6
7 8 5 5 4 2
22 14 15 44 23 9
2
4 2
20 19
8
1 3 5 6 7 2 6 7
5 57 21 4 17 29 53 7
4
8 1 2 9
23 28 45 39
1
2
35
1
9
10
2
9 7
4 9
3
7 6 5
9 17 48
5
8 9 7 8 4
37 11 29 24 30
5
9 7 6 10 8
49 35 55 8 17
7
10 6 4 10 9 2 3
44 33 50 20 58 8 49
8
5 8 5 1 7 8 9 4
31 14 8 4 22 52 29 10
6
8 5 7 9 9 7
31 44 5 54 2 53
3
2 6 3
10 15 29
3
5 7 5
49 14 4
5
2 5 6 5 8
13 1 55 34 60
2
6 5
47 6
7
1 2 6 2 2 10 10
37 29 25 14 50 29 38
4
9 2 9 2
46 55 43 42
6
7 7 1 9 2 3
33 29 48 31 48 11
4
4 4 8 9
13 55 35 20
2
4 6
59 47
2
5 2
51 46
1
9
60
4
10 2 5 1
22 46 45 23
4
8 5 9 3
12 14 39 43
5
2 2 5 7 3
13 34 5 27 32
1
1
3
1
5
39
2
2 6
50 14
4
4 5 9 8
4 26 55 51
4
10 5 4 9
33 9 9 10
6
8 9 3 4 3 8
57 8 16 39 31 57
1
6
33
4
6 2 1 4
17 48 8 2
6
7 5 1 3 1 10
47 49 56 16 20 36
1
3
44
6
2 8 6 6 10 8
19 17 9 42 38 4
5
5 2 1 6 1
14 58 24 57 60
2
5 2
9 4
1
3
12
7
8 8 4 4 10 7 1
12 47 46 58 45 42 21
2
1 7
53 5
5
3 9 7 5 6
8 42 41 46 7
5
5 6 10 2 6
10 5 35 5 58
2
8 9
42 49
8
7 8 9 1 1 1 2 4
11 8 27 39 35 32 22 13
8
1 5 2 10 3 3 2 6
44 7 20 29 2 11 34 51
4
9 1 3 2
1 44 11 47
4
9 2 4 9
46 6 40 27
4
3 10 7 5
37 11 20 10
6
5 9 5 4 1 10
24 44 7 9 53 10
4
3 1 2 8
48 21 38 29
7
5 6 4 5 5 5 9
21 26 42 1 53 49 23
2
9 7
25 41
4
3 8 8 10
59 44 8 45
7
3 8 9 3 9 9 1
13 22 22 7 29 54 56
3
6 9 3
15 19 38
5
10 1 9 7 3
51 16 17 50 52
7
3 10 1 4 5 2 4
22 5 37 7 47 59 56
4
7 3 3 7
11 58 47 46
6
6 8 4 1 4 1
41 2 13 44 22 58
1
6
55
2
7 9
14 11
8
7 9 2 2 9 8 5 1
16 22 55 59 50 52 9 49
1
1
31
5
6 4 2 2 9
25 36 16 24 17
6
2 8 7 6 4 6
53 46 13 5 24 18
1
10
23
6
8 10 6 8 7 4
49 19 3 31 4 8
5
4 9 10 10 8
55 23 49 29 25
2
8 5
18 20
7
7 4 1 1 2 3 3
46 1 25 15 40 27 52
3
5 7 1
5 32 31
4
8 8 8 3
11 40 20 39
5
1 9 7 5 5
60 18 46 59 53
3
3 4 5
18 2 35
2
1 6
4 49
4
6 2 8 1
26 45 5 58
8
7 9 5 4 3 8 6 8
5 43 42 49 47 14 15 18
5
5 8 8 6 9
7 43 45 26 21
1
7
59
2
5 2
28 19
7
6 8 1 1 5 9 8
50 22 36 14 38 46 48
3
3 10 9
15 1 9
1
9
5
6
10 2 10 1 1 4
32 51 11 27 49 31
2
7 10
41 45
7
8 4 5 10 6 2 10
44 55 10 33 49 38 36
7
6 6 5 4 10 8 8
18 30 14 56 26 56 55
6
10 7 4 7 5 10
13 1 1 20 16 51
3
5 9 4
2 9 27
8
2 5 1 10 5 3 1 6
21 9 1 21 55 7 22 6
3
7 10 4
30 14 14
4
10 1 6 5
34 36 25 16
7
10 10 6 7 3 4 1
25 17 42 3 46 46 28
5
9 2 6 6 9
12 41 1 17 40
6
8 4 5 10 1 3
40 21 47 40 9 6
3
6 3 3
19 16 30
8
6 4 9 7 2 4 3 3
10 15 42 5 26 34 14 30
3
6 2 9
29 11 16
3
9 10 9
36 20 17
4
6 4 6 7
51 11 22 56
1
10
52
8
1 6 8 9 5 10 5 9
35 36 25 18 15 1 23 43
8
1 1 8 8 3 8 8 9
11 44 16 40 46 32 31 55
4
6 4 6 6
52 9 58 42
8
2 3 5 4 4 3 3 2
21 51 21 21 22 33 2 14
7
7 7 1 3 2 4 6
27 34 30 23 17 51 19
5
2 10 2 1 3
13 58 40 9 39
1
3
21
7
10 4 3 5 3 5 10
47 53 32 52 33 30 23
5
4 1 1 10 4
24 1 38 54 40
3
10 10 1
12 2 41
8
9 10 7 6 9 10 2 3
42 36 45 46 26 51 42 15
4
3 10 9 2
17 40 45 31
2
6 1
14 49
2
6 1
25 18
6
7 2 8 3 5 2
52 4 44 51 50 32
2
4 3
39 35
6
2 6 1 1 7 2
37 27 28 31 18 51
2
2 7
5 25
6
3 1 3 6 6 7
26 22 52 19 4 45
6
2 1 2 6 2 10
51 16 29 48 34 56
8
2 8 9 4 7 6 6 9
10 12 54 33 36 60 46 55
1
5
54
1
9
51
3
1 8 10
10 4 12
1
3
45
3
1 7 3
38 50 32
2
7 7
19 52
5
4 1 3 3 6
51 54 28 25 48
8
7 5 8 6 2 1 6 5
19 51 44 9 56 18 5 8
2
1 8
10 32
6
7 1 8 9 10 9
30 36 19 29 42 31
3
8 6 10
42 4 9
6
10 1 7 5 7 7
59 40 21 30 15 3
5
10 9 9 8 1
48 24 27 27 60
3
3 3 8
4 49 27
6
6 9 1 9 9 1
21 60 33 1 26 1
7
9 5 8 8 7 2 8
10 1 25 25 38 1 1
4
6 3 4 8
28 24 54 46
7
3 7 3 8 2 7 3
11 52 37 2 41 19 49
7
1 3 8 8 3 8 4
8 6 13 15 60 29 6
2
4 1
54 20
4
9 8 3 10
29 40 14 9
3
7 8 6
59 9 55
7
5 9 9 10 4 1 3
18 21 54 38 40 16 42
3
5 5 10
43 28 31
4
5 6 6 4
45 60 2 52
1
4
48
6
1 6 1 10 5 9
5 17 52 10 7 26
6
1 8 4 8 9 5
42 55 1 13 34 49
4
8 7 2 6
29 34 36 22
4
6 5 9 4
36 25 17 16
2
9 6
1 1
5
2 2 8 9 5
6 51 7 56 8
6
10 1 5 2 6 5
47 45 10 16 49 38
8
8 4 4 9 10 7 1 6
37 26 26 16 46 16 45 48
4
1 1 6 6
22 45 6 56
5
10 5 8 10 6
6 3 55 5 40
3
4 3 5
9 2 52
6
3 10 6 8 2 8
43 5 41 12 24 39
8
7 9 8 3 10 8 8 3
38 50 27 28 57 32 14 31
2
3 1
49 2
6
10 10 10 2 3 8
58 10 47 56 17 42
1
5
1
5
10 4 6 8 6
29 23 57 43 23
3
6 1 10
24 19 31
5
9 7 9 7 1
33 49 36 53 14
5
5 6 8 5 8
48 25 44 44 26
8
5 7 2 9 4 2 6 4
15 6 43 23 5 34 40 49
8
4 3 10 9 1 5 6 2
39 15 38 11 42 53 12 59
8
9 8 9 7 8 3 1 9
53 58 27 46 11 2 7 3
2
7 8
21 57
8
8 10 3 7 9 10 7 2
11 55 39 55 19 56 37 2
7
2 5 4 3 5 6 3
19 7 14 25 47 27 57
5
3 5 10 4 10
25 59 58 2 35
6
9 6 10 1 10 8
12 53 8 59 6 52
5
3 9 10 5 7
60 21 39 20 15
1
4
45
6
7 8 4 4 5 3
13 36 53 36 22 34
1
9
34
8
10 1 6 4 1 1 3 1
24 10 23 15 52 26 44 50
8
2 3 1 10 5 9 3 5
52 11 19 38 47 47 53 22
1
5
43
5
10 9 3 3 1
57 46 15 4 14
1
10
38
7
6 5 6 9 10 9 3
29 38 38 11 43 30 41
3
7 7 1
41 19 31
6
7 7 3 3 1 8
35 33 14 13 57 29
3
1 3 3
41 55 45
1
9
26
3
7 9 4
9 48 19
6
7 5 2 2 6 8
58 6 26 55 47 25
3
5 2 5
53 37 39
7
9 4 9 9 7 9 5
3 26 33 51 36 1 45
7
5 10 1 2 7 7 10
36 54 52 17 37 58 54
2
1 1
53 1
6
6 6 10 8 6 8
23 41 60 47 47 29
7
4 5 6 9 2 8 5
52 35 25 32 30 55 33
5
7 10 6 10 9
3 31 21 59 33
6
7 7 6 9 6 5
38 31 14 18 39 7
8
2 3 6 1 8 5 2 7
48 30 53 50 19 42 29 49
2
9 2
15 45
6
6 6 6 7 3 7
12 52 39 40 34 42
7
10 4 4 5 7 5 3
43 21 28 6 59 29 41
6
10 3 9 2 2 8
6 23 14 53 37 21
4
7 2 7 5
40 17 39 7
1
9
45
3
1 1 3
55 25 35
5
6 9 1 5 9
17 6 25 7 41
1
2
32
6
2 5 2 3 10 6
50 6 2 50 43 42
3
7 4 3
43 4 3
5
6 8 2 6 2
57 31 31 29 50
4
7 2 4 4
19 3 53 32
4
4 9 3 9
47 28 5 35
8
8 10 3 4 6 9 6 10
35 2 8 11 46 37 55 58
8
6 6 4 6 2 2 2 7
8 50 3 37 33 52 60 48
3
1 8 4
29 42 50
2
5 8
41 24
1
9
44
1
4
10
6
8 7 3 10 8 6
20 24 24 59 5 60
5
1 4 1 4 8
44 42 18 58 10
4
7 6 1 1
45 34 3 58
7
4 9 6 1 8 7 4
23 12 4 57 7 42 6
6
7 5 5 8 1 9
24 49 49 46 14 12
3
6 4 4
58 28 24
1
6
22
2
8 5
43 11
6
9 2 4 7 1 9
44 57 46 5 21 39
3
3 5 4
50 4 53
8
9 9 1 7 3 9 3 3
4 44 51 38 43 34 57 46
2
6 1
28 30
6
5 2 8 8 6 1
28 57 3 49 9 34
8
4 2 1 7 4 5 7 2
36 15 31 49 59 52 29 27
7
4 9 7 9 3 7 3
46 55 4 47 39 51 29
6
8 4 7 9 9 3
52 40 49 6 31 28
2
10 9
41 37
6
1 6 3 4 7 4
20 10 55 38 44 30
4
3 9 8 1
2 58 26 39
2
4 1
49 49
3
5 1 4
37 5 32
3
10 9 6
40 16 53
2
10 2
44 6
5
8 7 1 5 10
22 59 36 15 45
7
6 1 2 8 2 2 4
51 44 42 26 10 35 23
5
6 5 1 4 5
8 55 7 11 52
1
4
5
2
4 1
57 34
8
5 10 1 2 2 6 8 7
35 17 56 53 28 31 24 23
4
7 1 7 9
42 40 32 48
7
3 2 7 7 10 5 2
47 41 33 7 29 30 39
1
5
52
7
8 6 3 4 1 5 9
40 29 1 18 25 22 45
8
1 6 8 4 8 1 10 1
57 12 37 51 7 36 38 35
2
7 8
24 26
6
10 3 8 8 2 4
56 10 24 10 57 42
5
3 7 6 2 6
1 45 40 34 51
4
9 6 6 3
32 50 51 8
4
10 2 5 2
29 30 3 14
4
7 9 4 2
15 16 32 1
1
1
8
4
2 8 2 2
24 60 30 17
2
10 4
47 49
6
5 3 3 3 8 6
42 55 26 21 24 3
6
2 5 7 6 2 2
22 16 43 22 51 17
2
10 2
40 14
4
6 7 8 1
8 8 58 54
2
5 9
54 36
2
6 3
14 34
6
10 8 6 10 9 5
39 17 9 36 11 8
5
10 9 6 4 8
24 31 56 52 58
6
4 9 4 3 2 9
20 34 37 5 17 28
2
4 1
25 24
7
7 6 7 9 6 1 3
10 15 34 48 53 36 26
4
6 3 9 5
30 34 29 57
6
7 4 2 6 2 5
19 12 54 7 33 46
8
8 6 8 5 6 5 6 9
47 24 60 32 24 51 58 40
8
4 2 10 5 7 5 7 5
49 53 13 49 55 19 40 58
1
7
60
6
9 5 2 1 6 7
41 60 55 40 35 5
5
9 10 9 4 6
22 46 11 21 41
2
9 10
45 50
5
7 1 8 1 8
60 35 3 18 16
4
5 8 4 3
18 35 41 42
1
9
7
2
7 8
5 49
3
9 1 3
52 35 3
2
10 8
38 12
2
7 2
13 28
8
3 4 1 6 3 3 10 7
52 7 5 4 46 44 51 30
6
4 1 7 9 7 1
55 13 2 36 58 37
7
9 7 4 8 2 1 9
45 18 20 44 22 3 33
2
5 5
38 30
3
9 5 4
51 4 41
6
1 2 1 10 3 9
28 39 44 37 23 39
6
3 7 4 6 5 8
13 25 44 53 28 39
6
5 7 1 5 1 4
40 34 58 19 40 42
7
1 5 10 2 6 9 6
22 11 25 39 40 58 43
4
4 9 8 5
5 5 33 8
1
7
40
4
9 8 8 2
39 46 50 37
7
1 9 10 7 4 4 6
58 35 51 2 49 57 22
2
4 4
28 22
5
4 7 9 10 9
52 14 45 18 16
7
6 9 9 10 4 2 4
33 24 42 21 54 28 42
2
2 6
15 28
8
2 2 1 3 4 1 9 10
13 19 37 55 35 28 35 24
2
9 7
28 43
4
5 3 10 10
43 25 5 8
4
7 2 6 7
54 37 55 21
6
5 3 9 4 8 2
44 16 15 28 12 59
6
5 6 3 2 7 3
1 28 60 40 43 46
2
5 8
13 48
4
6 7 1 3
21 35 55 46
2
4 4
51 41
8
8 5 7 8 6 1 3 4
23 34 55 41 22 45 26 39
7
2 4 2 10 10 9 1
17 48 58 28 34 52 29
6
10 7 3 4 5 9
25 56 3 47 53 4
5
3 1 9 8 2
49 56 49 57 7
4
8 8 4 9
58 2 8 10
1
3
7
7
8 4 7 4 7 9 3
28 25 10 35 13 14 39
4
5 3 4 2
20 46 27 23
7
3 10 10 2 7 1 8
57 56 2 9 50 22 33
7
6 1 10 10 8 2 9
47 48 60 19 46 6 41
3
5 5 6
25 21 55
2
9 5
7 2
4
7 1 7 8
27 40 29 11
3
2 4 5
57 56 32
1
10
4
7
7 3 3 9 8 7 5
2 35 41 32 2 33 39
5
8 1 10 6 3
51 40 28 16 55
6
2 1 8 8 8 2
56 45 27 21 27 25
8
8 1 2 1 1 9 10 6
18 28 53 55 2 28 52 48
4
6 2 4 7
45 56 18 1
2
8 7
55 20
7
9 10 9 5 7 7 5
59 14 49 22 33 17 41
8
4 7 8 10 3 7 6 10
34 49 25 33 56 37 30 13
1
5
1
3
3 4 1
21 3 20
8
9 6 9 7 7 8 10 1
47 17 42 46 55 57 39 39
2
8 10
26 49
8
9 7 4 1 7 3 8 5
55 38 60 30 46 7 2 6
2
6 5
20 50
1
5
16
2
2 2
28 51
7
9 9 9 10 6 9 8
27 33 15 9 54 51 20
3
6 1 10
32 53 5
5
9 3 9 7 10
8 16 16 47 34
6
8 5 10 1 9 9
21 10 58 9 55 54
5
1 8 1 6 1
57 5 30 32 43
6
4 9 3 9 9 7
28 43 18 41 4 21
4
9 9 6 2
53 31 1 49
2
4 9
45 50
4
3 10 4 8
11 42 49 20
8
9 3 9 2 4 10 7 6
23 45 18 45 36 56 43 29
2
2 10
43 8
5
7 3 1 10 6
30 23 52 19 27
4
2 6 5 6
45 14 35 6
3
7 3 4
1 22 10
5
1 10 3 8 6
31 8 55 15 34
4
5 4 2 1
2 49 51 14
1
3
55
5
6 9 2 6 8
2 24 23 45 43
4
3 10 9 4
1 56 35 16
8
8 9 4 8 7 10 3 2
58 19 15 14 12 9 49 39
2
4 1
38 25
8
2 10 1 2 2 3 3 4
24 31 9 24 58 49 51 59
8
6 2 4 7 5 3 3 9
27 33 2 11 8 49 48 42
4
8 7 5 3
55 10 54 8
3
4 10 8
49 33 49
6
7 4 9 5 8 6
11 38 27 47 37 21
7
5 4 6 6 5 10 8
6 21 60 15 39 49 8
4
7 9 6 2
43 41 55 24
4
7 3 4 1
24 50 29 20
7
7 3 4 7 3 7 3
13 51 35 33 16 50 6
3
2 2 7
59 1 27
3
6 1 6
10 11 2
3
8 6 3
40 55 43
1
2
51
7
7 9 4 7 9 10 9
21 16 16 39 30 2 60
7
10 9 5 5 2 3 5
3 56 54 54 44 24 10
2
8 1
36 48
6
7 4 2 3 1 9
53 1 28 7 27 13
3
8 2 2
43 29 43
6
3 8 1 10 6 1
19 44 9 13 3 48
5
2 8 1 8 6
21 23 21 31 12
8
9 4 8 8 6 6 7 5
21 9 48 34 15 53 55 12
6
3 9 5 4 7 8
34 31 29 5 44 46
8
9 5 4 3 7 5 9 4
53 30 54 38 9 32 17 17
2
9 2
19 25
6
4 5 7 3 7 1
26 57 55 13 25 31
6
9 4 10 4 7 6
27 32 2 41 6 56
4
6 2 3 2
4 1 13 50
7
2 3 4 2 8 10 5
40 23 45 17 55 48 37
5
8 10 2 9 8
13 48 54 10 23
2
3 3
50 44
8
7 3 7 6 2 3 7 8
18 16 33 49 17 60 20 52
6
8 4 8 3 10 5
6 34 58 59 36 27
1
6
26
4
8 5 4 10
37 24 36 25
8
3 10 1 4 8 6 4 10
13 31 13 39 60 11 1 45
5
5 5 2 1 5
35 43 17 20 51
7
8 2 7 8 2 2 9
8 42 39 45 22 33 51
5
5 9 5 2 4
20 35 15 8 11
7
7 9 8 4 5 3 7
24 14 21 36 58 42 17
3
4 3 10
15 8 23
2
5 8
9 41
6
8 6 5 5 4 2
47 45 5 20 2 11
7
4 10 8 3 9 2 5
42 3 46 21 33 54 22
2
1 10
54 5
7
9 4 6 2 8 3 3
45 21 29 25 44 59 17
2
5 7
46 50
8
7 5 3 1 6 6 3 7
29 11 17 26 36 2 58 47
6
6 6 8 8 4 1
53 53 26 1 17 7
8
4 5 4 8 1 1 4 1
1 31 35 58 48 57 49 58
8
1 7 10 6 3 5 9 7
34 12 2 60 55 22 8 57
3
3 4 4
37 49 28
3
2 6 7
33 19 3
4
3 2 5 9
14 7 23 4
3
6 6 5
21 52 3
8
2 8 7 7 2 3 6 7
10 53 33 17 4 48 9 32
6
3 10 6 2 6 10
31 32 28 54 60 42
1
6
48
7
3 4 1 9 5 4 3
32 1 28 17 51 9 18
3
10 3 7
25 54 53
8
5 6 10 9 10 9 8 9
37 7 55 45 55 19 48 46
6
9 10 9 4 9 3
5 45 3 59 41 32
5
3 5 9 4 5
60 9 16 2 9
7
10 7 2 1 2 5 1
4 16 45 3 47 34 19
1
2
44
3
3 3 10
31 18 15
2
3 10
24 33
2
5 7
42 23
5
6 5 1 2 1
49 21 32 40 4
1
2
2
1
9
53
6
9 6 5 3 4 8
26 5 55 41 58 34
5
2 5 9 7 10
16 2 22 50 26
2
4 1
15 11
1
9
11
7
6 9 8 4 4 7 7
36 42 24 26 12 36 60
2
3 1
54 11
6
4 9 10 7 6 5
49 16 55 24 24 32
4
8 6 10 4
4 37 21 18
2
8 2
55 60
3
4 8 9
48 1 4
6
6 8 3 7 2 3
7 31 9 11 6 15
3
7 1 5
17 50 22
6
4 7 3 6 4 9
58 57 38 13 22 16
6
6 5 8 2 2 3
35 46 39 53 32 43
4
8 3 2 8
9 36 10 12
5
6 1 10 6 2
18 45 60 28 33
1
7
37
4
7 4 6 2
12 16 41 26
3
1 5 2
31 50 3
8
10 9 3 4 4 1 1 6
26 49 52 55 16 22 4 48
1
6
25
6
7 8 6 8 7 3
38 10 28 38 17 20
6
4 6 7 8 9 10
41 46 52 58 43 17
3
1 7 6
1 17 51
2
10 3
24 4
1
9
52
8
5 9 1 3 4 6 6 3
47 3 56 52 57 27 41 45
7
5 4 6 8 1 5 8
14 10 23 12 7 53 39
5
4 7 4 9 8
60 59 20 31 54
3
6 6 6
4 26 20
6
3 8 1 8 7 10
16 11 6 31 22 38
4
1 1 8 7
17 20 3 3
5
1 1 9 7 9
13 15 31 33 2
6
10 2 8 3 6 2
1 23 36 30 20 43
8
3 6 5 3 1 9 5 10
50 2 1 40 3 1 22 22
4
3 6 5 9
26 20 18 49
2
2 6
53 57
7
8 2 8 10 1 10 8
39 39 26 60 58 59 42
4
3 5 3 10
21 29 56 47
6
3 1 2 5 10 7
19 49 12 23 10 3
7
8 3 2 2 4 10 4
37 12 18 3 48 23 33
1
7
8
2
7 3
50 16
5
10 1 8 8 7
4 50 12 8 28
8
8 2 10 5 10 3 7 10
33 27 4 35 20 35 57 36
6
5 5 4 3 6 5
4 35 6 14 1 60
2
9 10
33 29
7
7 4 10 5 2 10 1
2 39 5 57 16 35 51
3
2 5 2
11 5 44
5
8 2 2 5 3
5 14 17 29 4
7
5 3 5 6 8 4 5
2 19 53 3 49 29 10
3
6 8 4
21 43 52
7
4 7 3 6 5 3 5
30 48 41 19 18 33 2
8
6 6 3 2 10 6 6 3
16 56 53 58 29 30 14 18
1
8
57
7
6 1 3 5 6 7 8
30 39 38 36 5 53 48
7
5 4 3 8 9 7 5
29 40 18 45 36 29 50
3
10 4 1
14 2 44
1
9
18
4
4 10 4 9
49 45 52 31
8
10 7 5 5 7 6 9 7
23 38 9 13 58 17 6 53
5
6 6 1 1 7
17 9 13 39 28
4
8 1 9 6
46 44 39 2
8
9 8 2 10 10 10 9 8
29 49 7 56 36 21 6 2
4
6 7 4 9
51 27 24 39
8
1 10 4 1 6 5 5 4
59 40 48 55 28 27 11 22
5
1 3 4 2 2
10 26 46 23 48
1
2
18
3
2 4 1
7 28 46
3
3 2 7
58 32 57
3
7 4 4
60 60 1
8
6 9 5 5 3 9 4 7
21 28 9 57 7 13 20 19
3
7 4 1
24 9 21
5
1 1 4 10 4
31 9 45 23 38
5
4 4 10 3 7
55 1 21 23 21
5
9 9 7 10 6
6 2 60 11 34
4
3 8 4 3
54 44 20 10
1
1
23
3
2 5 3
58 42 18
3
10 8 4
54 12 22
2
8 1
33 21
3
6 8 5
18 16 43
6
5 6 7 6 8 8
49 35 19 12 8 42
8
1 6 6 8 2 3 8 7
9 33 6 35 16 43 32 15
7
10 9 7 5 10 8 10
15 6 46 20 18 1 12
3
3 2 8
24 18 1
5
4 1 5 8 3
3 41 5 23 55
3
10 6 3
57 39 53
1
1
31
6
10 9 4 8 4 7
52 44 24 9 45 16
7
6 8 10 8 10 1 7
15 2 19 10 38 56 39
7
4 6 1 7 5 1 9
3 15 56 40 33 45 21
7
4 6 3 3 3 3 10
24 42 21 12 11 20 49
8
8 1 2 9 6 3 1 9
7 1 38 13 57 7 21 59
7
4 4 8 9 5 3 8
2 14 7 26 49 51 17
2
9 7
47 50
7
3 7 8 4 1 7 3
16 13 33 55 25 4 6
6
3 10 7 8 4 9
32 58 34 60 2 16
7
5 1 8 3 4 6 5
50 52 36 47 10 59 57
2
8 1
55 25
4
1 2 5 7
52 39 39 39
4
1 6 8 6
34 50 39 35
6
5 7 3 2 10 3
15 7 25 38 6 52
3
7 4 10
11 2 15
4
7 2 8 1
39 27 48 38
3
6 8 9
48 50 39
2
9 8
55 21
6
2 10 5 10 2 1
13 30 43 6 3 45
2
7 7
57 38
8
1 1 1 8 4 3 8 1
19 36 15 24 30 22 13 20
6
7 8 9 3 6 4
9 38 22 34 24 29
3
2 9 1
60 49 13
7
1 7 9 8 5 4 1
26 48 36 59 46 54 39
1
5
59
1
10
2
1
6
30
7
5 9 2 3 8 5 3
48 50 49 51 57 60 36
2
8 2
29 3
2
7 3
4 47
4
6 7 6 1
56 26 18 5
3
10 10 5
26 29 14
4
2 7 6 2
12 37 32 51
2
7 9
28 36
3
1 1 4
34 6 2
3
10 6 10
31 31 17
3
3 7 6
27 15 38
6
8 6 6 4 10 9
34 11 31 49 20 7
6
3 6 9 2 4 1
41 26 41 31 3 52
6
8 5 3 2 8 9
6 4 26 38 52 9
4
2 2 1 1
37 30 44 11
8
4 6 1 1 8 6 10 4
37 47 47 48 56 26 5 34
2
10 3
33 33
1
9
2
7
2 3 9 10 10 6 5
3 41 2 48 1 26 26
8
1 7 6 8 5 2 9 10
29 24 37 14 5 5 34 57
3
7 1 5
60 54 35
3
6 6 10
29 23 26
6
2 4 8 3 1 3
50 7 37 32 33 12
6
2 1 4 10 7 1
19 12 12 46 38 35
3
1 4 4
44 16 38
3
7 7 7
41 27 58
3
9 7 1
47 41 50
4
4 4 7 7
48 2 54 37
4
4 7 2 7
50 56 54 17
7
5 4 8 9 2 7 1
34 30 45 2 14 17 53
3
2 6 4
32 58 47
7
7 8 1 10 7 10 8
15 12 44 26 48 56 5
1
1
18
4
8 2 6 5
16 1 16 29
7
10 4 2 1 2 10 6
24 47 38 8 23 3 49
1
5
43
2
7 4
15 33
7
4 2 5 8 10 6 5
6 48 16 45 23 41 51
7
4 9 3 7 1 8 1
19 42 60 25 18 59 13
3
9 2 4
48 25 47
8
8 10 8 4 3 7 2 3
52 7 39 3 50 26 3 2
7
6 2 1 5 3 10 8
23 55 1 46 32 47 9
5
5 1 8 1 7
51 20 59 2 40
6
5 4 4 1 10 6
57 33 36 41 45 14
4
2 10 9 2
55 5 38 55
5
4 5 2 2 6
47 54 36 24 49
5
6 1 10 10 4
19 50 35 22 38
1
1
38
1
2
39
5
6 4 10 6 9
11 40 49 31 18
7
1 8 1 3 5 5 3
48 5 10 56 31 9 1
1
7
46
8
4 10 6 10 10 4 2 6
31 33 25 56 45 46 46 58
2
9 7
14 47
8
5 6 2 10 4 7 1 5
8 9 18 54 37 40 32 42
4
1 10 10 1
11 30 48 5
7
2 8 7 4 6 10 4
11 6 25 53 52 47 29
3
7 4 4
29 5 14
2
10 7
43 42
2
2 7
1 60
3
6 5 2
28 53 58
1
1
41
3
3 10 10
4 21 58
6
1 4 8 8 5 1
60 3 58 58 25 8
7
6 8 3 6 3 4 6
37 40 45 5 3 36 34
2
1 1
9 42
8
4 4 8 6 9 1 5 8
21 48 40 16 51 4 25 58
4
9 7 2 10
4 37 7 26
8
2 9 5 2 2 7 1 7
53 3 1 12 11 57 26 45
7
2 9 10 10 2 5 3
43 34 46 42 46 9 53
5
5 3 3 1 6
1 38 45 11 1
3
1 4 2
11 30 43
3
3 2 8
5 28 33
4
5 5 6 3
31 25 54 19
6
5 6 7 6 9 9
19 5 57 5 46 52
3
3 9 10
30 9 20
7
8 7 7 6 5 4 4
25 57 34 39 12 7 53
4
9 1 2 3
38 20 17 9
1
9
48
7
5 5 4 10 9 4 4
9 36 40 3 29 53 45
5
9 9 10 9 10
48 44 51 44 12
5
6 6 4 10 6
35 49 24 45 55
8
6 5 7 8 1 1 4 4
24 58 57 6 58 59 19 40
8
1 2 10 10 1 3 7 6
30 27 14 15 4 54 6 16
6
7 8 7 2 2 6
18 7 39 10 2 1
2
1 3
37 31
6
1 6 10 4 9 3
22 29 57 34 30 3
5
1 10 6 3 4
53 56 32 42 26
5
8 5 9 6 4
29 35 15 33 57
4
7 1 4 6
54 11 1 45
7
4 10 3 6 2 6 7
9 26 36 19 33 26 60
2
4 10
17 39
1
7
10
1
6
1
5
2 3 9 6 1
40 16 24 34 8
6
6 10 2 1 1 6
40 7 17 26 29 10
8
5 2 6 7 1 10 2 2
60 42 5 55 35 32 47 27
2
8 9
1 54
7
7 9 7 8 6 4 5
25 48 34 43 39 58 16
2
4 1
6 41
7
8 1 6 8 2 4 7
38 23 50 6 15 56 16
3
7 8 7
43 49 30
3
5 3 6
57 12 17
8
1 7 3 4 6 8 6 6
41 20 37 26 53 18 51 39
5
9 5 10 8 10
43 25 13 27 37
2
1 5
38 47
6
9 4 6 1 7 10
47 10 58 14 59 38
7
1 7 3 6 3 2 2
3 24 41 28 47 47 26
3
5 9 4
6 6 24
5
1 5 1 7 2
11 21 38 20 50
4
7 7 2 10
43 59 41 1
6
3 3 8 2 10 5
28 38 55 4 57 27
2
8 9
19 47
4
6 3 8 5
5 50 58 11
3
6 3 4
8 32 18
2
2 4
18 23
6
1 8 3 9 8 6
21 44 54 47 60 6
5
5 2 3 7 10
18 26 12 27 24
7
6 3 6 2 6 5 6
41 21 6 35 51 17 33
4
7 2 3 7
53 1 47 3
2
9 1
44 38
8
1 4 2 1 5 5 3 10
40 21 15 25 44 49 37 49
2
9 3
55 41
3
9 3 8
50 1 21
7
4 7 6 6 3 8 5
22 45 37 6 1 36 8
3
7 5 8
33 51 28
3
3 7 10
54 8 50
7
1 3 8 5 10 9 5
15 48 39 27 26 60 3
3
2 1 1
6 25 43
7
10 5 10 2 3 1 4
49 24 7 29 40 5 37
3
3 2 6
45 55 43
7
1 6 3 6 6 5 4
6 20 25 32 35 26 49
3
2 3 10
6 39 6
2
6 7
36 24
1
2
51
5
9 1 3 7 1
45 51 56 23 33
4
6 6 9 10
11 56 49 15
7
4 10 1 5 6 7 7
20 47 4 44 16 57 47
8
5 8 9 4 4 7 3 1
34 31 1 42 19 7 8 8
7
1 8 3 3 1 3 4
60 19 36 46 59 12 36
7
4 3 6 3 1 8 7
15 60 18 35 52 11 53
8
3 1 3 4 1 10 6 6
50 35 46 21 18 7 47 32
1
10
46
8
8 5 4 9 5 1 6 1
43 24 54 55 35 49 43 32
4
9 6 7 9
11 35 24 48
5
4 7 9 6 7
29 42 33 50 53
3
5 4 1
54 52 2
7
5 6 4 4 8 10 3
27 59 38 47 14 25 42
6
9 4 3 7 1 8
35 44 9 23 16 16
2
10 5
56 19
6
8 3 4 8 9 10
55 56 36 14 39 31
4
8 9 6 8
43 24 19 37
4
1 8 6 8
38 40 27 25
5
6 10 4 3 2
32 9 55 41 58
5
1 1 4 9 9
20 59 59 56 15
7
8 7 4 5 8 1 4
56 60 14 44 38 37 55
6
10 2 9 8 5 1
39 48 24 6 3 16
7
6 5 6 4 6 7 1
33 19 41 49 19 23 13
3
8 7 10
33 48 13
1
4
54
2
3 2
13 22
1
10
6
3
9 9 1
47 41 18
6
8 2 2 2 7 1
37 28 21 38 29 58
2
7 5
10 18
4
6 4 6 8
8 3 31 37
6
9 3 9 4 4 7
14 41 39 1 18 47
4
9 10 9 4
20 10 9 56
8
4 5 2 2 6 5 3 2
52 15 56 4 56 47 57 60
5
4 10 7 6 10
20 47 59 9 38
8
4 7 6 6 8 6 2 3
17 11 60 10 36 40 43 54
5
6 5 3 1 9
60 38 6 9 55
6
4 5 7 4 8 1
20 28 59 50 20 35
4
2 10 10 4
11 50 57 14
5
2 6 9 5 3
26 34 44 5 30
6
6 10 7 6 5 7
24 29 52 26 15 59
1
8
45
3
7 5 1
17 38 9
1
8
45
1
10
27
4
10 3 9 5
49 22 3 23
2
1 1
41 41
2
9 3
41 54
4
10 8 9 8
39 4 52 44
2
9 5
5 56
5
7 6 8 9 6
51 10 9 7 42
1
5
30
7
3 2 3 1 1 4 8
50 14 39 27 58 26 12
1
2
54
4
2 9 6 4
1 28 34 45
8
6 2 5 6 4 9 8 5
14 2 56 27 41 42 44 58
5
4 5 5 4 1
59 22 1 26 12
8
3 10 1 7 7 7 1 1
7 28 19 30 10 33 16 35
8
1 4 6 9 8 3 2 9
24 17 54 13 39 20 32 12
6
1 10 3 5 10 3
34 2 41 22 18 27
4
10 2 9 2
34 8 22 23
7
2 4 3 1 5 10 10
23 50 35 16 42 46 32
7
7 2 2 9 4 9 3
40 23 11 27 48 15 51
3
7 10 10
57 29 56
7
9 1 4 7 9 9 9
40 59 29 1 53 12 29
4
1 8 10 9
3 1 30 4
2
5 1
49 50
5
10 4 5 6 5
1 45 59 25 48
7
4 5 4 5 4 2 2
22 49 60 43 13 3 38
3
2 5 5
12 53 27
5
6 3 7 3 9
35 26 36 7 47
5
8 10 2 7 2
13 5 8 52 5
2
5 2
29 47
3
1 10 9
16 27 55
1
3
11
7
6 5 3 10 7 8 9
24 57 3 56 54 16 55
8
4 7 2 1 8 1 7 4
41 11 29 32 4 10 7 31
1
9
22
6
9 10 3 8 9 8
11 22 20 20 53 31
6
4 8 10 8 10 4
59 25 28 46 40 52
8
9 6 6 5 2 2 6 6
33 47 49 18 28 20 37 48
6
7 2 4 10 6 3
24 22 52 9 41 20
1
1
51
4
5 7 6 3
53 16 15 16
8
7 2 10 3 7 9 3 4
15 39 49 16 24 2 16 36
