100
7
1001009
7
1121110
9
123222223
10
1123221012
4
1122
2
10
4
1000
6
110901
9
110999999
3
121
1
1
6
101121
5
11232
5
11122
2
12
9
110122321
6
111109
9
100987676
4
1001
5
10010
9
122211211
6
123445
9
111232343
8
10101221
5
11222
11
12212332101
6
122101
11
11099010901
8
10988887
8
10109000
2
10
12
121122323454
7
1010909
1
1
1
1
3
112
5
10998
6
111223
6
123212
6
123344
2
10
12
121099011000
8
12334555
5
11233
1
1
5
12121
4
1123
4
1234
5
11109
11
11221098900
9
112212211
4
1211
1
1
9
112334544
6
112110
3
109
5
10901
9
110988988
10
1012232333
7
1011123
7
1210123
3
110
6
110990
2
11
10
1000110001
7
1121098
7
1210989
1
1
2
10
11
12234455544
5
10109
8
12111001
7
1123234
1
1
11
10112211222
1
1
9
109010012
4
1090
9
110112110
4
1090
7
1001122
5
10009
9
123456543
8
11221090
6
110101
5
10012
2
10
9
109998990
1
1
7
1221112
12
101211234343
2
10
2
10
8
12221012
12
112223223322
4
1109
8
12210101
2
11
7
1221110
11
12344556788
