102009
131110
3322224
133242
132
10
1000
11092
110999999
31
1
331
1332
1132
3
132421
111109
1026
102
1020
3221311
37
113543
32221
1322
535
5
110992092
10988887
3200
10
315464
329
1
1
13
10998
115
35
3354
10
3109921000
335555
1333
1
331
133
35
11109
1500
15211
311
1
1335544
13110
109
1092
11098088
324433
3133
35
110
11091
11
10021002
131098
33
1
10
5465544
309
311102
1354
1
3321322
1
1092022
3
133110
3
1042
10009
357543
15
132
1022
10
109911
1
32113
3213553
10
10
3242
132424322
1109
52
11
321110
37798
