2000
14600
140 140
140 70
140 14
140 0
880 880
880 440
880 88
880 0
530 530
530 265
530 53
530 0
300 300
300 150
300 30
300 0
550 550
550 275
550 55
550 0
340 340
340 170
340 34
340 0
580 580
580 290
580 58
580 0
500 500
500 250
500 50
500 0
400 400
400 200
400 40
400 0
670 670
670 335
670 67
670 0
150 150
150 75
150 15
150 0
640 640
640 320
640 64
640 0
890 890
890 445
890 89
890 0
550 550
550 275
550 55
550 0
740 740
740 370
740 74
740 0
680 680
680 340
680 68
680 0
400 400
400 200
400 40
400 0
860 860
860 430
860 86
860 0
780 780
780 390
780 78
780 0
360 360
360 180
360 36
360 0
570 570
570 285
570 57
570 0
880 880
880 440
880 88
880 0
760 760
760 380
760 76
760 0
170 170
170 85
170 17
170 0
180 180
180 90
180 18
180 0
260 260
260 130
260 26
260 0
110 110
110 55
110 11
110 0
410 410
410 205
410 41
410 0
530 530
530 265
530 53
530 0
430 430
430 215
430 43
430 0
800 800
800 400
800 80
800 0
110 110
110 55
110 11
110 0
350 350
350 175
350 35
350 0
520 520
520 260
520 52
520 0
560 560
560 280
560 56
560 0
270 270
270 135
270 27
270 0
760 760
760 380
760 76
760 0
930 930
930 465
930 93
930 0
640 640
640 320
640 64
640 0
870 870
870 435
870 87
870 0
700 700
700 350
700 70
700 0
590 590
590 295
590 59
590 0
920 920
920 460
920 92
920 0
510 510
510 255
510 51
510 0
130 130
130 65
130 13
130 0
190 190
190 95
190 19
190 0
320 320
320 160
320 32
320 0
520 520
520 260
520 52
520 0
910 910
910 455
910 91
910 0
950 950
950 475
950 95
950 0
100 100
100 50
100 10
100 0
390 390
390 195
390 39
390 0
800 800
800 400
800 80
800 0
750 750
750 375
750 75
750 0
120 120
120 60
120 12
120 0
870 870
870 435
870 87
870 0
940 940
940 470
940 94
940 0
770 770
770 385
770 77
770 0
340 340
340 170
340 34
340 0
320 320
320 160
320 32
320 0
640 640
640 320
640 64
640 0
700 700
700 350
700 70
700 0
240 240
240 120
240 24
240 0
890 890
890 445
890 89
890 0
860 860
860 430
860 86
860 0
310 310
310 155
310 31
310 0
900 900
900 450
900 90
900 0
920 920
920 460
920 92
920 0
170 170
170 85
170 17
170 0
320 320
320 160
320 32
320 0
900 900
900 450
900 90
900 0
800 800
800 400
800 80
800 0
900 900
900 450
900 90
900 0
540 540
540 270
540 54
540 0
740 740
740 370
740 74
740 0
240 240
240 120
240 24
240 0
610 610
610 305
610 61
610 0
650 650
650 325
650 65
650 0
460 460
460 230
460 46
460 0
890 890
890 445
890 89
890 0
650 650
650 325
650 65
650 0
690 690
690 345
690 69
690 0
110 110
110 55
110 11
110 0
400 400
400 200
400 40
400 0
90 90
90 45
90 9
90 0
710 710
710 355
710 71
710 0
950 950
950 475
950 95
950 0
580 580
580 290
580 58
580 0
610 610
610 305
610 61
610 0
280 280
280 140
280 28
280 0
440 440
440 220
440 44
440 0
800 800
800 400
800 80
800 0
340 340
340 170
340 34
340 0
880 880
880 440
880 88
880 0
570 570
570 285
570 57
570 0
160 160
160 80
160 16
160 0
440 440
440 220
440 44
440 0
840 840
840 420
840 84
840 0
790 790
790 395
790 79
790 0
110 110
110 55
110 11
110 0
320 320
320 160
320 32
320 0
620 620
620 310
620 62
620 0
380 380
380 190
380 38
380 0
780 780
780 390
780 78
780 0
740 740
740 370
740 74
740 0
780 780
780 390
780 78
780 0
830 830
830 415
830 83
830 0
490 490
490 245
490 49
490 0
360 360
360 180
360 36
360 0
320 320
320 160
320 32
320 0
380 380
380 190
380 38
380 0
110 110
110 55
110 11
110 0
670 670
670 335
670 67
670 0
710 710
710 355
710 71
710 0
950 950
950 475
950 95
950 0
170 170
170 85
170 17
170 0
350 350
350 175
350 35
350 0
100 100
100 50
100 10
100 0
100 100
100 50
100 10
100 0
760 760
760 380
760 76
760 0
870 870
870 435
870 87
870 0
470 470
470 235
470 47
470 0
560 560
560 280
560 56
560 0
810 810
810 405
810 81
810 0
310 310
310 155
310 31
310 0
730 730
730 365
730 73
730 0
690 690
690 345
690 69
690 0
430 430
430 215
430 43
430 0
350 350
350 175
350 35
350 0
210 210
210 105
210 21
210 0
410 410
410 205
410 41
410 0
920 920
920 460
920 92
920 0
370 370
370 185
370 37
370 0
410 410
410 205
410 41
410 0
790 790
790 395
790 79
790 0
220 220
220 110
220 22
220 0
640 640
640 320
640 64
640 0
770 770
770 385
770 77
770 0
100 100
100 50
100 10
100 0
320 320
320 160
320 32
320 0
280 280
280 140
280 28
280 0
340 340
340 170
340 34
340 0
540 540
540 270
540 54
540 0
620 620
620 310
620 62
620 0
160 160
160 80
160 16
160 0
230 230
230 115
230 23
230 0
820 820
820 410
820 82
820 0
690 690
690 345
690 69
690 0
350 350
350 175
350 35
350 0
910 910
910 455
910 91
910 0
260 260
260 130
260 26
260 0
610 610
610 305
610 61
610 0
390 390
390 195
390 39
390 0
290 290
290 145
290 29
290 0
170 170
170 85
170 17
170 0
100 100
100 50
100 10
100 0
100 100
100 50
100 10
100 0
450 450
450 225
450 45
450 0
490 490
490 245
490 49
490 0
890 890
890 445
890 89
890 0
140 140
140 70
140 14
140 0
920 920
920 460
920 92
920 0
600 600
600 300
600 60
600 0
910 910
910 455
910 91
910 0
780 780
780 390
780 78
780 0
590 590
590 295
590 59
590 0
360 360
360 180
360 36
360 0
950 950
950 475
950 95
950 0
940 940
940 470
940 94
940 0
530 530
530 265
530 53
530 0
490 490
490 245
490 49
490 0
420 420
420 210
420 42
420 0
690 690
690 345
690 69
690 0
390 390
390 195
390 39
390 0
470 470
470 235
470 47
470 0
170 170
170 85
170 17
170 0
780 780
780 390
780 78
780 0
430 430
430 215
430 43
430 0
440 440
440 220
440 44
440 0
350 350
350 175
350 35
350 0
530 530
530 265
530 53
530 0
550 550
550 275
550 55
550 0
500 500
500 250
500 50
500 0
910 910
910 455
910 91
910 0
320 320
320 160
320 32
320 0
840 840
840 420
840 84
840 0
910 910
910 455
910 91
910 0
770 770
770 385
770 77
770 0
690 690
690 345
690 69
690 0
130 130
130 65
130 13
130 0
50 50
50 25
50 5
50 0
400 400
400 200
400 40
400 0
70 70
70 35
70 7
70 0
510 510
510 255
510 51
510 0
490 490
490 245
490 49
490 0
150 150
150 75
150 15
150 0
450 450
450 225
450 45
450 0
880 880
880 440
880 88
880 0
570 570
570 285
570 57
570 0
520 520
520 260
520 52
520 0
80 80
80 40
80 8
80 0
690 690
690 345
690 69
690 0
250 250
250 125
250 25
250 0
680 680
680 340
680 68
680 0
80 80
80 40
80 8
80 0
250 250
250 125
250 25
250 0
420 420
420 210
420 42
420 0
120 120
120 60
120 12
120 0
390 390
390 195
390 39
390 0
270 270
270 135
270 27
270 0
310 310
310 155
310 31
310 0
70 70
70 35
70 7
70 0
530 530
530 265
530 53
530 0
470 470
470 235
470 47
470 0
60 60
60 30
60 6
60 0
660 660
660 330
660 66
660 0
850 850
850 425
850 85
850 0
680 680
680 340
680 68
680 0
940 940
940 470
940 94
940 0
680 680
680 340
680 68
680 0
370 370
370 185
370 37
370 0
720 720
720 360
720 72
720 0
770 770
770 385
770 77
770 0
690 690
690 345
690 69
690 0
50 50
50 25
50 5
50 0
360 360
360 180
360 36
360 0
850 850
850 425
850 85
850 0
170 170
170 85
170 17
170 0
780 780
780 390
780 78
780 0
920 920
920 460
920 92
920 0
700 700
700 350
700 70
700 0
250 250
250 125
250 25
250 0
600 600
600 300
600 60
600 0
870 870
870 435
870 87
870 0
430 430
430 215
430 43
430 0
870 870
870 435
870 87
870 0
310 310
310 155
310 31
310 0
470 470
470 235
470 47
470 0
570 570
570 285
570 57
570 0
340 340
340 170
340 34
340 0
470 470
470 235
470 47
470 0
130 130
130 65
130 13
130 0
500 500
500 250
500 50
500 0
270 270
270 135
270 27
270 0
610 610
610 305
610 61
610 0
310 310
310 155
310 31
310 0
530 530
530 265
530 53
530 0
860 860
860 430
860 86
860 0
590 590
590 295
590 59
590 0
630 630
630 315
630 63
630 0
170 170
170 85
170 17
170 0
820 820
820 410
820 82
820 0
800 800
800 400
800 80
800 0
140 140
140 70
140 14
140 0
160 160
160 80
160 16
160 0
810 810
810 405
810 81
810 0
380 380
380 190
380 38
380 0
930 930
930 465
930 93
930 0
680 680
680 340
680 68
680 0
510 510
510 255
510 51
510 0
160 160
160 80
160 16
160 0
650 650
650 325
650 65
650 0
720 720
720 360
720 72
720 0
550 550
550 275
550 55
550 0
130 130
130 65
130 13
130 0
530 530
530 265
530 53
530 0
420 420
420 210
420 42
420 0
460 460
460 230
460 46
460 0
260 260
260 130
260 26
260 0
260 260
260 130
260 26
260 0
480 480
480 240
480 48
480 0
600 600
600 300
600 60
600 0
790 790
790 395
790 79
790 0
530 530
530 265
530 53
530 0
100 100
100 50
100 10
100 0
140 140
140 70
140 14
140 0
540 540
540 270
540 54
540 0
320 320
320 160
320 32
320 0
360 360
360 180
360 36
360 0
880 880
880 440
880 88
880 0
490 490
490 245
490 49
490 0
880 880
880 440
880 88
880 0
700 700
700 350
700 70
700 0
230 230
230 115
230 23
230 0
600 600
600 300
600 60
600 0
720 720
720 360
720 72
720 0
740 740
740 370
740 74
740 0
190 190
190 95
190 19
190 0
480 480
480 240
480 48
480 0
530 530
530 265
530 53
530 0
440 440
440 220
440 44
440 0
650 650
650 325
650 65
650 0
330 330
330 165
330 33
330 0
470 470
470 235
470 47
470 0
540 540
540 270
540 54
540 0
580 580
580 290
580 58
580 0
290 290
290 145
290 29
290 0
390 390
390 195
390 39
390 0
720 720
720 360
720 72
720 0
90 90
90 45
90 9
90 0
200 200
200 100
200 20
200 0
90 90
90 45
90 9
90 0
450 450
450 225
450 45
450 0
880 880
880 440
880 88
880 0
660 660
660 330
660 66
660 0
210 210
210 105
210 21
210 0
830 830
830 415
830 83
830 0
940 940
940 470
940 94
940 0
690 690
690 345
690 69
690 0
310 310
310 155
310 31
310 0
930 930
930 465
930 93
930 0
700 700
700 350
700 70
700 0
450 450
450 225
450 45
450 0
70 70
70 35
70 7
70 0
290 290
290 145
290 29
290 0
910 910
910 455
910 91
910 0
300 300
300 150
300 30
300 0
160 160
160 80
160 16
160 0
430 430
430 215
430 43
430 0
670 670
670 335
670 67
670 0
430 430
430 215
430 43
430 0
380 380
380 190
380 38
380 0
320 320
320 160
320 32
320 0
220 220
220 110
220 22
220 0
910 910
910 455
910 91
910 0
210 210
210 105
210 21
210 0
640 640
640 320
640 64
640 0
250 250
250 125
250 25
250 0
630 630
630 315
630 63
630 0
140 140
140 70
140 14
140 0
670 670
670 335
670 67
670 0
480 480
480 240
480 48
480 0
660 660
660 330
660 66
660 0
790 790
790 395
790 79
790 0
760 760
760 380
760 76
760 0
640 640
640 320
640 64
640 0
360 360
360 180
360 36
360 0
740 740
740 370
740 74
740 0
500 500
500 250
500 50
500 0
70 70
70 35
70 7
70 0
440 440
440 220
440 44
440 0
80 80
80 40
80 8
80 0
890 890
890 445
890 89
890 0
210 210
210 105
210 21
210 0
130 130
130 65
130 13
130 0
90 90
90 45
90 9
90 0
730 730
730 365
730 73
730 0
250 250
250 125
250 25
250 0
750 750
750 375
750 75
750 0
300 300
300 150
300 30
300 0
740 740
740 370
740 74
740 0
60 60
60 30
60 6
60 0
190 190
190 95
190 19
190 0
320 320
320 160
320 32
320 0
580 580
580 290
580 58
580 0
670 670
670 335
670 67
670 0
340 340
340 170
340 34
340 0
390 390
390 195
390 39
390 0
300 300
300 150
300 30
300 0
590 590
590 295
590 59
590 0
770 770
770 385
770 77
770 0
470 470
470 235
470 47
470 0
650 650
650 325
650 65
650 0
60 60
60 30
60 6
60 0
670 670
670 335
670 67
670 0
350 350
350 175
350 35
350 0
950 950
950 475
950 95
950 0
250 250
250 125
250 25
250 0
840 840
840 420
840 84
840 0
450 450
450 225
450 45
450 0
840 840
840 420
840 84
840 0
760 760
760 380
760 76
760 0
310 310
310 155
310 31
310 0
130 130
130 65
130 13
130 0
860 860
860 430
860 86
860 0
930 930
930 465
930 93
930 0
480 480
480 240
480 48
480 0
400 400
400 200
400 40
400 0
120 120
120 60
120 12
120 0
660 660
660 330
660 66
660 0
950 950
950 475
950 95
950 0
630 630
630 315
630 63
630 0
800 800
800 400
800 80
800 0
630 630
630 315
630 63
630 0
950 950
950 475
950 95
950 0
630 630
630 315
630 63
630 0
230 230
230 115
230 23
230 0
910 910
910 455
910 91
910 0
720 720
720 360
720 72
720 0
290 290
290 145
290 29
290 0
410 410
410 205
410 41
410 0
750 750
750 375
750 75
750 0
80 80
80 40
80 8
80 0
140 140
140 70
140 14
140 0
130 130
130 65
130 13
130 0
590 590
590 295
590 59
590 0
890 890
890 445
890 89
890 0
720 720
720 360
720 72
720 0
300 300
300 150
300 30
300 0
240 240
240 120
240 24
240 0
80 80
80 40
80 8
80 0
740 740
740 370
740 74
740 0
760 760
760 380
760 76
760 0
100 100
100 50
100 10
100 0
820 820
820 410
820 82
820 0
780 780
780 390
780 78
780 0
370 370
370 185
370 37
370 0
650 650
650 325
650 65
650 0
610 610
610 305
610 61
610 0
930 930
930 465
930 93
930 0
560 560
560 280
560 56
560 0
180 180
180 90
180 18
180 0
70 70
70 35
70 7
70 0
320 320
320 160
320 32
320 0
190 190
190 95
190 19
190 0
810 810
810 405
810 81
810 0
420 420
420 210
420 42
420 0
450 450
450 225
450 45
450 0
760 760
760 380
760 76
760 0
610 610
610 305
610 61
610 0
130 130
130 65
130 13
130 0
460 460
460 230
460 46
460 0
690 690
690 345
690 69
690 0
360 360
360 180
360 36
360 0
880 880
880 440
880 88
880 0
550 550
550 275
550 55
550 0
220 220
220 110
220 22
220 0
110 110
110 55
110 11
110 0
940 940
940 470
940 94
940 0
910 910
910 455
910 91
910 0
750 750
750 375
750 75
750 0
60 60
60 30
60 6
60 0
460 460
460 230
460 46
460 0
300 300
300 150
300 30
300 0
90 90
90 45
90 9
90 0
370 370
370 185
370 37
370 0
900 900
900 450
900 90
900 0
760 760
760 380
760 76
760 0
860 860
860 430
860 86
860 0
900 900
900 450
900 90
900 0
840 840
840 420
840 84
840 0
410 410
410 205
410 41
410 0
630 630
630 315
630 63
630 0
620 620
620 310
620 62
620 0
890 890
890 445
890 89
890 0
500 500
500 250
500 50
500 0
290 290
290 145
290 29
290 0
920 920
920 460
920 92
920 0
280 280
280 140
280 28
280 0
770 770
770 385
770 77
770 0
530 530
530 265
530 53
530 0
280 280
280 140
280 28
280 0
520 520
520 260
520 52
520 0
720 720
720 360
720 72
720 0
330 330
330 165
330 33
330 0
890 890
890 445
890 89
890 0
100 100
100 50
100 10
100 0
500 500
500 250
500 50
500 0
900 900
900 450
900 90
900 0
700 700
700 350
700 70
700 0
50 50
50 25
50 5
50 0
390 390
390 195
390 39
390 0
370 370
370 185
370 37
370 0
720 720
720 360
720 72
720 0
830 830
830 415
830 83
830 0
340 340
340 170
340 34
340 0
200 200
200 100
200 20
200 0
100 100
100 50
100 10
100 0
780 780
780 390
780 78
780 0
460 460
460 230
460 46
460 0
780 780
780 390
780 78
780 0
210 210
210 105
210 21
210 0
520 520
520 260
520 52
520 0
620 620
620 310
620 62
620 0
770 770
770 385
770 77
770 0
340 340
340 170
340 34
340 0
860 860
860 430
860 86
860 0
70 70
70 35
70 7
70 0
860 860
860 430
860 86
860 0
500 500
500 250
500 50
500 0
620 620
620 310
620 62
620 0
780 780
780 390
780 78
780 0
520 520
520 260
520 52
520 0
520 520
520 260
520 52
520 0
460 460
460 230
460 46
460 0
440 440
440 220
440 44
440 0
610 610
610 305
610 61
610 0
50 50
50 25
50 5
50 0
170 170
170 85
170 17
170 0
720 720
720 360
720 72
720 0
930 930
930 465
930 93
930 0
800 800
800 400
800 80
800 0
50 50
50 25
50 5
50 0
790 790
790 395
790 79
790 0
810 810
810 405
810 81
810 0
310 310
310 155
310 31
310 0
130 130
130 65
130 13
130 0
430 430
430 215
430 43
430 0
920 920
920 460
920 92
920 0
60 60
60 30
60 6
60 0
