Case #1: 7 6 2 3 
Case #2: 3 7 1 6 2 2 
Case #3: 18 16 4 6 2 2 13 13 
Case #4: 1 27 13 8 12 2 
Case #5: 1 3 5 1 7 5 1 
Case #6: 1 6 
Case #7: 12 2 6 3 1 
Case #8: 2 12 8 28 
Case #9: 4 48 9 12 12 
Case #10: 3 9 3 2 
Case #11: 4 1 10 4 
Case #12: 14 6 4 1 1 3 
Case #13: 5 1 7 3 6 2 
Case #14: 1 5 3 2 
Case #15: 2 5 3 1 1 
Case #16: 23 2 21 3 
Case #17: 2 3 2 5 1 10 2 3 
Case #18: 11 16 16 15 3 4 
Case #19: 34 19 4 5 4 
Case #20: 24 15 4 17 13 4 29 4 6 
Case #21: 2 1 9 7 2 
Case #22: 16 2 4 12 3 
Case #23: 7 
Case #24: 1 21 3 
Case #25: 4 6 1 2 8 5 2 
Case #26: 1 8 1 8 1 5 
Case #27: 2 1 3 
Case #28: 18 7 12 9 
Case #29: 8 6 2 2 5 
Case #30: 8 2 2 3 1 4 4 4 
Case #31: 5 21 5 23 12 3 
Case #32: 24 1 2 7 5 14 
Case #33: 4 20 14 3 8 
Case #34: 2 2 2 2 5 2 3 2 
Case #35: 6 6 17 
Case #36: 3 1 5 6 18 7 13 
Case #37: 2 2 1 7 4 1 
Case #38: 4 6 2 9 8 
Case #39: 29 7 24 1 
Case #40: 5 5 4 8 2 4 
Case #41: 6 2 8 
Case #42: 4 51 2 8 7 
Case #43: 6 5 4 2 2 
Case #44: 1 17 3 6 2 
Case #45: 3 26 6 9 5 
Case #46: 1 5 1 2 2 2 
Case #47: 6 12 1 4 2 
Case #48: 3 1 3 10 3 
Case #49: 1 4 1 12 4 5 
Case #50: 3 2 6 3 
Case #51: 17 16 4 6 8 3 7 
Case #52: 24 4 5 2 4 
Case #53: 8 4 7 5 3 
Case #54: 2 2 1 2 3 7 1 
Case #55: 8 2 3 3 1 
Case #56: 6 3 5 12 
Case #57: 7 1 3 2 7 
Case #58: 2 15 3 8 
Case #59: 3 3 3 48 11 
Case #60: 16 7 3 3 1 
Case #61: 2 8 1 5 4 1 
Case #62: 2 1 
Case #63: 4 30 1 14 28 2 6 9 
Case #64: 7 1 1 
Case #65: 3 1 8 1 4 
Case #66: 4 4 
Case #67: 4 13 13 7 1 1 
Case #68: 8 2 3 2 1 5 5 
Case #69: 5 5 3 13 1 5 1 18 
Case #70: 5 1 6 5 2 
Case #71: 1 1 6 12 3 3 
Case #72: 6 5 1 4 2 4 
Case #73: 2 4 10 3 
Case #74: 3 1 2 4 2 2 1 
Case #75: 1 2 8 11 6 1 
Case #76: 7 3 2 
Case #77: 3 6 6 5 4 6 
Case #78: 6 2 6 10 1 1 1 1 2 
Case #79: 3 
Case #80: 0 2 8 2 1 
Case #81: 4 2 1 
Case #82: 2 8 18 14 1 9 
Case #83: 2 6 2 7 5 10 
Case #84: 5 18 1 4 
Case #85: 5 6 2 2 4 1 
Case #86: 13 3 
Case #87: 7 7 
Case #88: 5 2 9 3 7 10 
Case #89: 13 1 9 2 5 1 
Case #90: 9 2 
Case #91: 1 2 3 2 
Case #92: 1 5 2 0 6 1 1 
Case #93: 5 7 10 
Case #94: 4 26 3 14 
Case #95: 3 1 6 
Case #96: 2 2 4 3 2 3 9 
Case #97: 4 4 3 4 11 4 3 
Case #98: 2 10 10 3 4 1 
Case #99: 6 1 4 1 10 1 
Case #100: 2 9 1 2 1 
Case #101: 17 3 1 3 
Case #102: 1 7 1 1 4 2 
Case #103: 4 1 1 3 2 5 1 
Case #104: 2 2 2 2 18 4 
Case #105: 10 1 8 
Case #106: 1 7 1 12 9 5 9 1 
Case #107: 14 6 17 21 36 
Case #108: 2 2 13 1 3 
Case #109: 1 2 1 9 2 
Case #110: 2 3 1 4 1 3 
Case #111: 1 7 1 
Case #112: 2 14 16 6 38 
Case #113: 3 2 3 9 3 3 2 
Case #114: 6 23 20 11 12 
Case #115: 10 4 7 8 
Case #116: 14 14 2 5 34 
Case #117: 6 11 3 10 
Case #118: 4 3 1 1 
Case #119: 5 3 7 3 2 1 
Case #120: 2 5 10 1 7 
Case #121: 6 7 3 14 5 4 
Case #122: 26 4 6 1 43 24 32 4 
Case #123: 2 1 2 2 1 
Case #124: 1 7 2 2 3 1 
Case #125: 4 3 4 7 1 
Case #126: 1 4 5 6 3 3 10 
Case #127: 7 2 2 3 9 1 
Case #128: 2 7 1 4 2 
Case #129: 1 3 3 5 
Case #130: 1 8 1 1 
Case #131: 1 6 3 1 1 
Case #132: 1 3 13 
Case #133: 7 6 2 1 1 
Case #134: 1 1 6 5 1 
Case #135: 1 1 2 5 2 7 
Case #136: 8 16 39 20 
Case #137: 1 1 4 
Case #138: 2 4 1 1 2 
Case #139: 16 18 30 11 40 6 12 
Case #140: 2 1 7 4 
Case #141: 8 1 1 9 1 
Case #142: 1 5 2 8 
Case #143: 1 5 7 6 6 1 3 2 
Case #144: 2 2 9 5 1 3 4 
Case #145: 3 1 1 
Case #146: 5 1 6 
Case #147: 8 4 30 2 4 33 
Case #148: 3 1 
Case #149: 41 9 26 9 13 4 
Case #150: 14 6 6 3 9 
Case #151: 10 1 6 
Case #152: 1 1 7 9 8 2 
Case #153: 8 4 5 3 10 6 
Case #154: 2 10 17 8 5 
Case #155: 1 9 1 2 
Case #156: 8 3 7 1 7 
Case #157: 6 7 1 2 
Case #158: 5 2 1 5 
Case #159: 4 2 4 2 
Case #160: 1 1 4 2 7 3 4 
Case #161: 11 1 4 8 9 6 
Case #162: 8 9 9 
Case #163: 4 2 
Case #164: 2 1 4 1 1 1 
Case #165: 5 5 8 
Case #166: 22 5 5 1 1 
Case #167: 3 3 3 9 2 3 
Case #168: 2 4 
Case #169: 3 6 1 
Case #170: 1 3 10 1 6 
Case #171: 12 3 6 2 5 
Case #172: 3 1 7 4 8 31 
Case #173: 16 3 4 5 4 
Case #174: 53 6 17 31 6 6 9 
Case #175: 3 1 3 2 8 7 1 
Case #176: 1 6 7 8 3 
Case #177: 7 7 9 1 11 
Case #178: 5 2 2 6 2 
Case #179: 9 3 2 
Case #180: 9 2 1 5 3 2 
Case #181: 3 5 4 3 9 10 5 1 
Case #182: 1 5 1 1 9 2 6 
Case #183: 1 6 1 4 1 5 5 
Case #184: 1 7 4 3 4 2 
Case #185: 26 17 12 7 3 1 40 
Case #186: 4 1 3 15 5 3 
Case #187: 2 1 3 
Case #188: 7 2 1 10 7 10 
Case #189: 1 1 11 3 5 3 
Case #190: 3 7 10 11 7 6 5 2 
Case #191: 7 15 9 
Case #192: 2 3 1 4 1 
Case #193: 1 6 20 2 1 7 2 
Case #194: 7 7 4 2 2 55 
Case #195: 6 6 4 5 6 29 1 6 
Case #196: 18 4 8 
Case #197: 11 20 9 6 4 6 8 
Case #198: 2 1 6 5 1 6 
Case #199: 1 13 3 3 3 9 
Case #200: 6 5 7 2 2 4 
Case #201: 13 5 7 2 11 
Case #202: 7 11 1 11 
Case #203: 1 7 2 1 1 
Case #204: 1 5 7 3 3 12 4 1 
Case #205: 2 4 1 3 3 
Case #206: 8 3 3 5 6 
Case #207: 4 1 
Case #208: 5 10 7 4 11 5 
Case #209: 1 16 9 6 
Case #210: 25 1 9 4 2 
Case #211: 1 3 3 
Case #212: 1 1 3 7 7 
Case #213: 1 15 10 13 14 3 
Case #214: 1 6 22 22 12 12 3 
Case #215: 1 4 4 1 2 7 7 
Case #216: 11 10 49 24 3 4 21 
Case #217: 10 3 6 7 8 1 8 8 
Case #218: 3 2 12 6 
Case #219: 8 5 
Case #220: 13 7 5 
Case #221: 2 2 3 
Case #222: 27 8 10 10 4 
Case #223: 2 3 3 4 
Case #224: 1 3 9 4 6 1 6 
Case #225: 3 1 3 3 8 
Case #226: 4 
Case #227: 4 5 1 3 2 3 
Case #228: 3 10 3 7 2 
Case #229: 15 8 2 
Case #230: 2 12 1 
Case #231: 3 14 8 5 6 14 
Case #232: 3 8 2 8 
Case #233: 1 1 5 4 2 6 
Case #234: 2 7 
Case #235: 5 7 3 11 1 7 8 
Case #236: 19 7 7 
Case #237: 2 7 2 1 7 1 
Case #238: 24 6 4 2 
Case #239: 1 2 5 7 
Case #240: 7 9 7 3 1 
Case #241: 9 1 4 2 1 5 
Case #242: 1 1 8 1 1 7 
Case #243: 9 17 25 
Case #244: 1 6 1 2 1 2 
Case #245: 1 8 4 1 1 
Case #246: 4 7 10 
Case #247: 2 8 20 10 5 4 14 
Case #248: 6 7 2 1 1 
Case #249: 6 5 10 11 23 26 
Case #250: 1 13 6 
Case #251: 8 4 8 1 10 1 11 
Case #252: 1 2 1 14 
Case #253: 5 3 2 3 7 1 
Case #254: 7 1 10 1 1 3 8 
Case #255: 7 2 6 3 1 1 
Case #256: 4 6 2 8 14 
Case #257: 1 4 
Case #258: 3 2 1 4 9 1 4 13 
Case #259: 3 6 6 3 5 2 
Case #260: 8 5 4 
Case #261: 9 7 17 9 45 
Case #262: 5 4 2 7 1 5 
Case #263: 7 7 3 9 7 
Case #264: 1 1 6 2 
Case #265: 2 2 3 3 
Case #266: 5 1 6 
Case #267: 2 9 8 2 6 1 5 
Case #268: 1 1 2 3 1 
Case #269: 21 12 8 3 
Case #270: 1 3 3 10 
Case #271: 3 5 5 2 7 4 10 4 
Case #272: 4 6 3 1 6 
Case #273: 14 1 6 
Case #274: 1 2 3 1 6 1 
Case #275: 3 3 4 3 4 
Case #276: 3 3 14 17 9 2 8 
Case #277: 1 4 8 
Case #278: 1 1 2 1 
Case #279: 3 12 5 11 9 2 
Case #280: 9 2 1 43 1 5 5 
Case #281: 2 1 1 3 5 2 
Case #282: 2 2 5 1 3 4 1 6 
Case #283: 19 1 11 3 11 12 
Case #284: 3 6 3 
Case #285: 8 3 1 4 2 1 3 
Case #286: 3 4 4 1 2 1 
Case #287: 1 3 6 6 2 
Case #288: 2 2 1 1 2 2 1 
Case #289: 9 12 28 10 46 
Case #290: 3 3 3 3 4 2 3 4 
Case #291: 9 1 4 2 30 25 
Case #292: 2 5 2 6 2 4 
Case #293: 1 3 2 6 5 2 9 9 2 
Case #294: 8 32 3 1 
Case #295: 1 7 
Case #296: 3 4 2 6 3 3 4 
Case #297: 3 5 
Case #298: 8 5 6 4 
Case #299: 7 10 10 
Case #300: 3 3 8 4 
Case #301: 10 10 8 2 5 7 2 
Case #302: 13 1 1 4 4 2 
Case #303: 1 14 1 3 4 
Case #304: 5 2 3 5 1 1 5 
Case #305: 5 4 15 25 
Case #306: 3 1 7 2 5 2 3 5 
Case #307: 2 14 11 2 11 6 
Case #308: 1 5 8 2 7 
Case #309: 3 7 1 4 3 
Case #310: 3 2 2 4 1 
Case #311: 6 2 2 
Case #312: 2 6 6 5 1 1 
Case #313: 1 1 1 1 7 8 7 
Case #314: 9 25 26 18 6 7 
Case #315: 2 3 5 2 8 
Case #316: 3 2 2 6 
Case #317: 3 5 11 10 7 1 
Case #318: 37 5 16 15 16 6 
Case #319: 1 9 4 2 1 
Case #320: 2 1 12 12 
Case #321: 1 1 1 1 
Case #322: 16 6 9 9 3 
Case #323: 6 1 6 2 
Case #324: 
Case #325: 2 10 8 1 
Case #326: 11 5 5 15 
Case #327: 3 4 6 1 3 3 8 8 
Case #328: 16 9 1 5 15 
Case #329: 3 2 1 2 8 1 1 
Case #330: 8 14 7 13 4 12 1 
Case #331: 5 5 4 1 8 1 5 
Case #332: 7 15 19 1 2 23 
Case #333: 3 4 50 1 
Case #334: 1 9 1 
Case #335: 1 3 3 9 
Case #336: 5 3 7 1 6 6 6 
Case #337: 2 4 8 17 1 
Case #338: 27 8 8 
Case #339: 2 3 3 1 
Case #340: 13 11 16 38 4 
Case #341: 2 11 4 2 1 
Case #342: 4 3 10 4 1 
Case #343: 29 24 33 24 22 28 
Case #344: 1 3 5 1 8 6 
Case #345: 2 13 19 8 23 
Case #346: 8 3 2 3 1 
Case #347: 7 3 5 6 3 
Case #348: 3 6 5 1 7 1 1 
Case #349: 7 1 11 1 
Case #350: 5 2 14 1 1 1 
Case #351: 2 10 3 2 42 6 
Case #352: 3 11 4 6 2 3 2 8 
Case #353: 4 8 7 12 6 3 
Case #354: 1 6 17 10 1 
Case #355: 4 6 9 
Case #356: 3 3 7 6 
Case #357: 1 2 1 2 10 
Case #358: 2 5 1 
Case #359: 3 1 1 1 1 6 2 3 
Case #360: 2 4 4 13 10 4 
Case #361: 57 10 4 2 25 12 2 
Case #362: 1 3 1 4 
Case #363: 5 1 3 2 
Case #364: 35 7 22 3 21 
Case #365: 2 1 2 
Case #366: 2 1 3 6 5 
Case #367: 11 2 3 22 12 15 22 
Case #368: 7 11 41 10 18 
Case #369: 15 4 9 10 3 6 
Case #370: 5 3 3 2 6 1 3 8 
Case #371: 2 6 2 8 
Case #372: 2 13 1 3 
Case #373: 3 12 5 4 
Case #374: 1 
Case #375: 1 4 8 3 
Case #376: 6 4 7 1 7 
Case #377: 1 4 2 7 7 10 
Case #378: 4 4 2 
Case #379: 3 15 6 14 6 
Case #380: 4 9 6 2 2 
Case #381: 5 2 1 
Case #382: 5 5 6 3 
Case #383: 2 4 1 2 
Case #384: 1 6 7 1 
Case #385: 3 20 4 1 14 
Case #386: 5 1 10 
Case #387: 19 11 9 3 8 6 
Case #388: 15 11 5 1 1 
Case #389: 2 1 13 1 2 12 
Case #390: 11 9 5 
Case #391: 1 2 7 7 3 1 
Case #392: 1 6 15 4 
Case #393: 1 4 2 1 4 6 
Case #394: 4 5 2 1 
Case #395: 6 2 1 
Case #396: 4 3 4 1 8 1 
Case #397: 6 3 5 2 
Case #398: 1 2 4 0 
Case #399: 1 17 8 
Case #400: 2 2 1 4 2 1 
Case #401: 13 5 5 21 46 62 3 17 
Case #402: 1 11 1 15 4 5 
Case #403: 10 3 
Case #404: 6 1 4 2 
Case #405: 16 1 1 11 
Case #406: 5 4 4 3 
Case #407: 2 1 13 7 2 8 
Case #408: 5 2 5 3 
Case #409: 1 2 3 9 2 3 
Case #410: 7 
Case #411: 7 4 1 1 2 6 
Case #412: 1 2 4 2 
Case #413: 5 8 2 1 10 7 11 8 
Case #414: 4 13 1 3 4 
Case #415: 4 3 1 1 
Case #416: 1 4 3 7 
Case #417: 1 1 11 11 13 1 
Case #418: 8 6 2 6 
Case #419: 1 5 21 16 27 
Case #420: 7 7 6 6 
Case #421: 10 3 7 1 6 2 1 3 
Case #422: 2 3 3 1 1 
Case #423: 2 5 3 3 
Case #424: 4 2 21 10 5 5 9 7 
Case #425: 13 8 5 5 4 
Case #426: 3 2 9 2 4 22 13 
Case #427: 3 2 7 5 1 5 9 
Case #428: 1 5 2 3 22 
Case #429: 4 15 3 1 19 
Case #430: 1 6 
Case #431: 9 7 4 
Case #432: 4 1 1 1 15 
Case #433: 2 1 3 4 1 1 1 3 
Case #434: 1 11 4 2 1 
Case #435: 16 2 10 2 
Case #436: 3 5 1 
Case #437: 2 4 3 2 
Case #438: 3 41 14 19 
Case #439: 2 3 5 1 
Case #440: 8 9 5 2 13 2 3 
Case #441: 3 3 2 6 8 3 
Case #442: 4 8 5 3 5 4 
Case #443: 1 5 3 8 11 1 
Case #444: 24 38 49 6 1 17 
Case #445: 3 3 3 1 3 3 2 2 
Case #446: 1 4 9 4 
Case #447: 2 10 4 4 
Case #448: 5 11 1 2 
Case #449: 45 7 48 
Case #450: 3 8 13 5 2 
Case #451: 4 6 7 1 4 
Case #452: 8 2 11 15 6 8 5 
Case #453: 3 10 3 10 3 4 6 
Case #454: 1 3 
Case #455: 4 2 3 2 
Case #456: 2 1 5 7 5 2 
Case #457: 6 1 1 8 1 2 1 2 
Case #458: 4 2 5 1 
Case #459: 10 8 10 3 12 6 
Case #460: 2 5 11 1 
Case #461: 1 4 2 5 4 
Case #462: 1 8 16 7 18 6 14 
Case #463: 4 6 16 2 
Case #464: 5 1 2 4 
Case #465: 3 5 1 5 
Case #466: 2 53 5 
Case #467: 6 11 3 2 5 3 33 12 
Case #468: 9 3 4 1 5 
Case #469: 1 7 1 4 2 7 
Case #470: 5 2 4 9 1 2 
Case #471: 1 5 9 1 3 
Case #472: 7 3 8 
Case #473: 7 8 8 1 1 
Case #474: 8 1 7 2 
Case #475: 2 5 13 6 2 7 
Case #476: 7 2 5 2 3 2 
Case #477: 5 7 2 
Case #478: 6 
Case #479: 8 44 16 20 25 31 
Case #480: 10 2 7 6 1 
Case #481: 5 10 1 7 
Case #482: 3 3 2 7 8 
Case #483: 11 11 5 8 5 1 
Case #484: 2 5 6 4 3 3 7 
Case #485: 13 13 24 8 11 
Case #486: 6 1 3 6 4 
Case #487: 4 2 3 1 5 3 
Case #488: 3 11 3 3 2 6 
Case #489: 2 4 4 4 4 1 
Case #490: 25 15 33 
Case #491: 23 1 2 3 
Case #492: 2 11 1 10 
Case #493: 2 1 3 1 3 
Case #494: 7 1 
Case #495: 5 4 4 2 11 1 
Case #496: 5 2 3 
Case #497: 1 10 2 1 1 5 8 
Case #498: 2 4 10 11 7 
Case #499: 28 16 24 7 10 
Case #500: 19 3 1 
Case #501: 6 5 8 18 
Case #502: 8 4 4 7 
Case #503: 17 8 3 17 16 5 
Case #504: 1 4 8 2 7 9 
Case #505: 18 
Case #506: 1 1 2 2 3 3 2 
Case #507: 15 12 31 5 
Case #508: 1 4 5 4 
Case #509: 4 12 4 3 
Case #510: 16 9 3 2 6 7 
Case #511: 5 
Case #512: 2 4 2 7 4 2 
Case #513: 4 2 7 1 
Case #514: 3 13 2 2 4 
Case #515: 4 1 1 1 3 
Case #516: 8 5 10 2 2 
Case #517: 36 5 38 3 
Case #518: 1 10 9 4 
Case #519: 2 1 6 1 1 
Case #520: 11 2 18 
Case #521: 7 5 6 2 8 
Case #522: 2 5 6 2 1 
Case #523: 5 1 1 9 
Case #524: 4 5 1 2 1 
Case #525: 1 1 3 11 
Case #526: 4 18 9 2 10 7 1 
Case #527: 2 8 5 3 2 
Case #528: 18 5 61 
Case #529: 2 1 22 1 2 9 
Case #530: 12 39 18 9 
Case #531: 13 17 20 10 4 2 10 
Case #532: 1 4 5 8 4 5 4 
Case #533: 6 15 3 1 
Case #534: 6 1 5 3 8 2 
Case #535: 8 9 10 41 7 2 
Case #536: 2 6 7 9 3 4 
Case #537: 4 6 0 
Case #538: 9 2 7 10 2 
Case #539: 4 8 16 12 7 4 8 
Case #540: 3 6 1 10 
Case #541: 5 1 6 12 1 2 5 
Case #542: 5 4 9 20 20 
Case #543: 1 3 1 2 1 1 1 
Case #544: 6 6 3 2 9 6 
Case #545: 13 10 6 8 1 
Case #546: 4 14 20 8 13 19 
Case #547: 1 1 4 1 
Case #548: 6 1 5 
Case #549: 2 6 1 1 2 2 1 1 2 
Case #550: 1 2 4 7 4 
Case #551: 1 12 3 12 3 
Case #552: 10 7 4 
Case #553: 1 7 7 1 2 1 
Case #554: 7 1 8 2 3 4 1 2 2 
Case #555: 2 6 5 11 3 3 
Case #556: 4 8 3 4 3 6 10 
Case #557: 1 2 3 1 2 
Case #558: 5 1 1 4 20 
Case #559: 10 3 4 2 
Case #560: 12 9 2 10 1 3 1 2 2 
Case #561: 1 4 10 7 1 
Case #562: 1 6 8 1 6 9 
Case #563: 10 
Case #564: 7 1 3 3 7 
Case #565: 9 1 19 5 7 
Case #566: 10 1 10 
Case #567: 1 5 5 3 
Case #568: 19 8 4 3 
Case #569: 5 1 13 
Case #570: 4 5 1 2 11 
Case #571: 1 5 
Case #572: 1 1 4 
Case #573: 4 5 
Case #574: 1 6 1 1 5 5 10 
Case #575: 6 3 
Case #576: 1 7 2 5 
Case #577: 2 12 5 9 8 
Case #578: 6 2 1 2 1 5 
Case #579: 5 4 1 2 3 2 2 1 
Case #580: 9 2 2 4 1 9 
Case #581: 1 15 2 8 14 
Case #582: 8 2 6 5 
Case #583: 5 9 4 8 4 4 2 
Case #584: 6 1 3 7 21 8 
Case #585: 1 11 3 7 2 4 4 
Case #586: 3 5 1 3 6 8 
Case #587: 4 4 1 10 10 2 
Case #588: 23 4 4 15 
Case #589: 2 5 3 8 1 
Case #590: 1 1 4 6 
Case #591: 4 4 5 7 3 5 
Case #592: 12 16 17 1 13 
Case #593: 5 1 1 4 2 1 1 
Case #594: 4 6 2 42 12 4 
Case #595: 1 6 9 33 5 21 
Case #596: 9 5 
Case #597: 1 2 1 3 
Case #598: 11 6 24 28 36 
Case #599: 7 4 18 6 1 18 8 
Case #600: 11 10 1 8 1 1 
Case #601: 6 6 1 15 7 1 
Case #602: 7 7 8 1 1 
Case #603: 29 21 8 10 9 
Case #604: 3 5 2 
Case #605: 3 1 4 3 8 10 
Case #606: 1 9 1 1 
Case #607: 7 4 1 1 13 3 
Case #608: 2 4 5 
Case #609: 2 1 2 3 1 
Case #610: 4 1 5 
Case #611: 2 1 1 11 17 
Case #612: 1 3 2 11 1 1 4 
Case #613: 3 7 1 
Case #614: 5 3 6 4 1 2 1 
Case #615: 1 2 1 4 4 
Case #616: 2 5 
Case #617: 2 3 4 1 1 
Case #618: 3 3 2 3 4 
Case #619: 5 45 8 5 8 
Case #620: 1 1 8 8 5 9 
Case #621: 7 1 4 4 1 1 
Case #622: 1 7 6 14 
Case #623: 11 5 22 1 11 
Case #624: 2 3 6 
Case #625: 2 3 1 2 2 
Case #626: 1 3 1 3 7 1 
Case #627: 5 7 1 1 2 
Case #628: 3 4 2 4 2 
Case #629: 4 22 10 32 1 
Case #630: 16 4 2 12 36 
Case #631: 3 6 12 
Case #632: 8 1 6 1 2 1 2 
Case #633: 14 3 
Case #634: 6 11 1 8 
Case #635: 1 12 8 2 2 2 
Case #636: 5 4 2 8 12 
Case #637: 14 4 1 19 16 
Case #638: 10 4 5 12 1 
Case #639: 3 1 6 3 
Case #640: 3 19 13 
Case #641: 12 1 17 13 1 
Case #642: 2 1 4 1 5 
Case #643: 16 4 4 19 
Case #644: 4 1 1 
Case #645: 16 1 3 5 6 8 
Case #646: 1 12 7 11 8 1 
Case #647: 10 6 22 12 14 14 3 
Case #648: 1 2 27 9 10 
Case #649: 1 7 1 3 
Case #650: 6 2 
Case #651: 5 2 1 6 5 
Case #652: 4 2 8 
Case #653: 3 8 1 9 1 
Case #654: 5 6 4 5 8 5 1 
Case #655: 5 1 3 3 1 
Case #656: 8 7 7 2 2 
Case #657: 6 8 20 
Case #658: 3 4 5 5 2 6 
Case #659: 6 3 14 4 
Case #660: 1 10 4 9 1 
Case #661: 2 12 7 12 1 
Case #662: 3 11 4 7 
Case #663: 3 1 4 4 
Case #664: 16 3 11 4 1 1 6 
Case #665: 2 3 10 3 1 3 
Case #666: 18 4 1 4 11 10 
Case #667: 6 2 4 2 9 
Case #668: 1 2 4 3 
Case #669: 3 5 11 8 
Case #670: 1 3 4 
Case #671: 2 1 9 5 
Case #672: 2 1 9 8 4 4 3 1 
Case #673: 2 6 12 5 21 
Case #674: 7 3 1 
Case #675: 4 5 5 
Case #676: 6 4 6 
Case #677: 7 1 2 2 1 6 
Case #678: 1 6 1 9 
Case #679: 1 12 1 1 
Case #680: 13 7 1 3 11 
Case #681: 5 17 1 9 5 1 
Case #682: 8 3 1 
Case #683: 1 2 2 3 5 1 2 
Case #684: 20 13 4 26 
Case #685: 2 5 
Case #686: 1 2 6 3 2 1 
Case #687: 5 3 4 10 
Case #688: 18 6 2 37 12 
Case #689: 26 6 14 16 12 22 8 
Case #690: 6 3 3 5 
Case #691: 7 6 2 5 2 
Case #692: 4 1 1 19 
Case #693: 6 5 2 1 2 7 
Case #694: 8 4 4 2 5 1 9 
Case #695: 1 5 1 1 1 
Case #696: 3 1 3 2 1 3 9 
Case #697: 12 7 3 3 1 5 
Case #698: 2 4 5 2 5 4 
Case #699: 4 5 1 9 3 6 
Case #700: 10 6 5 13 8 
Case #701: 2 5 3 4 5 
Case #702: 2 25 10 
Case #703: 8 10 8 1 
Case #704: 1 2 3 4 
Case #705: 3 1 4 
Case #706: 1 1 4 7 2 1 2 4 2 
Case #707: 19 13 8 3 
Case #708: 1 9 7 3 7 
Case #709: 3 2 13 3 15 6 18 
Case #710: 2 2 3 1 4 
Case #711: 12 8 5 
Case #712: 10 20 1 1 1 4 1 9 
Case #713: 1 1 
Case #714: 11 1 14 19 1 
Case #715: 12 5 2 17 3 3 
Case #716: 5 2 
Case #717: 6 4 44 12 4 
Case #718: 4 7 8 2 8 
Case #719: 4 1 
Case #720: 1 1 5 5 
Case #721: 2 5 7 2 4 2 2 6 
Case #722: 4 11 8 2 1 1 2 9 
Case #723: 15 1 18 21 18 
Case #724: 5 3 5 6 7 2 2 
Case #725: 4 1 9 5 
Case #726: 2 1 3 2 4 
Case #727: 4 1 5 5 
Case #728: 8 2 1 26 2 1 
Case #729: 1 37 13 3 20 30 7 
Case #730: 16 2 8 4 13 
Case #731: 1 2 10 3 3 16 
Case #732: 7 5 1 0 
Case #733: 1 1 
Case #734: 4 1 2 4 1 1 3 7 
Case #735: 5 1 5 4 1 
Case #736: 1 1 3 1 
Case #737: 1 2 17 2 
Case #738: 8 8 4 4 19 7 18 
Case #739: 11 4 3 7 10 
Case #740: 1 1 1 1 2 
Case #741: 1 2 7 1 6 
Case #742: 4 6 8 1 1 10 3 
Case #743: 8 4 2 2 
Case #744: 5 2 2 2 
Case #745: 7 8 6 6 7 2 
Case #746: 4 6 6 2 2 
Case #747: 3 16 13 
Case #748: 1 3 4 9 
Case #749: 9 2 15 14 
Case #750: 13 3 1 1 1 
Case #751: 2 1 5 1 
Case #752: 6 8 5 3 11 30 20 
Case #753: 2 2 2 
Case #754: 13 2 2 
Case #755: 4 2 1 
Case #756: 16 8 1 28 28 
Case #757: 6 4 4 3 
Case #758: 2 9 8 2 1 4 3 
Case #759: 28 23 
Case #760: 4 6 6 4 6 5 
Case #761: 1 3 4 3 
Case #762: 10 1 4 6 
Case #763: 4 7 2 
Case #764: 1 21 
Case #765: 4 7 2 2 1 5 
Case #766: 2 5 1 1 1 5 
Case #767: 4 10 7 
Case #768: 3 5 3 3 9 
Case #769: 2 11 8 
Case #770: 13 3 
Case #771: 14 2 1 1 
Case #772: 3 6 2 12 1 11 1 
Case #773: 9 4 7 9 2 
Case #774: 7 9 1 2 2 
Case #775: 3 11 1 1 3 
Case #776: 4 1 2 
Case #777: 2 10 
Case #778: 7 6 8 4 
Case #779: 17 7 18 7 22 12 
Case #780: 4 6 3 4 4 4 
Case #781: 2 4 4 14 
Case #782: 3 2 6 
Case #783: 4 4 3 24 4 
Case #784: 6 6 10 8 
Case #785: 4 13 10 3 
Case #786: 7 12 13 1 
Case #787: 13 5 2 11 8 
Case #788: 1 5 4 14 8 2 
Case #789: 10 2 9 7 10 
Case #790: 5 7 5 2 9 
Case #791: 14 8 16 7 3 12 27 
Case #792: 1 8 1 10 4 
Case #793: 13 17 
Case #794: 4 1 2 8 16 8 1 
Case #795: 7 1 3 
Case #796: 6 13 2 10 1 
Case #797: 1 2 10 5 4 5 
Case #798: 5 11 8 12 9 
Case #799: 5 8 5 17 7 2 7 
Case #800: 4 3 6 11 
Case #801: 1 1 4 6 2 13 
Case #802: 8 3 1 26 5 
Case #803: 9 14 1 13 1 5 
Case #804: 6 2 2 2 
Case #805: 22 13 22 23 7 
Case #806: 3 2 9 1 
Case #807: 2 1 2 5 8 4 
Case #808: 31 6 1 27 2 
Case #809: 2 12 6 24 
Case #810: 2 13 14 3 11 9 3 
Case #811: 7 1 23 15 
Case #812: 8 11 1 1 3 1 
Case #813: 2 1 3 1 
Case #814: 1 3 12 4 15 6 2 
Case #815: 3 4 3 3 6 
Case #816: 1 7 3 5 5 
Case #817: 8 9 3 1 1 1 1 
Case #818: 7 5 2 7 1 4 
Case #819: 4 
Case #820: 2 3 3 2 3 1 1 
Case #821: 2 3 2 2 13 2 
Case #822: 1 5 1 
Case #823: 26 17 
Case #824: 5 13 5 
Case #825: 10 5 4 2 6 3 
Case #826: 5 1 1 6 3 
Case #827: 21 13 21 6 
Case #828: 2 3 4 12 16 
Case #829: 5 1 6 
Case #830: 1 3 5 8 2 
Case #831: 6 3 12 6 13 34 
Case #832: 16 1 28 8 1 6 20 4 
Case #833: 11 3 10 
Case #834: 2 2 7 13 8 
Case #835: 0 2 1 2 0 
Case #836: 4 13 17 8 21 6 
Case #837: 1 1 1 6 1 11 
Case #838: 4 1 1 
Case #839: 2 6 2 5 1 
Case #840: 8 5 1 
Case #841: 30 8 5 2 23 
Case #842: 4 5 3 11 12 
Case #843: 16 19 
Case #844: 7 2 2 2 3 1 
Case #845: 17 5 5 
Case #846: 4 1 7 8 
Case #847: 3 1 2 11 
Case #848: 2 2 8 
Case #849: 1 8 2 1 5 2 
Case #850: 3 
Case #851: 6 9 9 
Case #852: 2 8 1 7 
Case #853: 4 9 4 13 4 
Case #854: 6 10 2 4 4 6 
Case #855: 10 2 2 3 2 1 
Case #856: 4 5 5 18 2 11 
Case #857: 6 
Case #858: 8 2 1 3 8 
Case #859: 4 4 6 5 
Case #860: 3 3 2 2 3 
Case #861: 22 4 
Case #862: 14 56 30 14 
Case #863: 6 1 
Case #864: 8 1 1 4 9 
Case #865: 14 3 3 15 7 13 
Case #866: 3 22 21 2 7 2 12 3 
Case #867: 10 11 9 21 14 
Case #868: 2 2 2 7 2 2 9 
Case #869: 5 1 32 4 4 7 
Case #870: 8 1 
Case #871: 2 10 1 
Case #872: 3 2 0 
Case #873: 19 4 39 1 
Case #874: 6 2 3 4 1 1 6 1 7 
Case #875: 4 10 6 6 
Case #876: 3 5 7 1 6 5 
Case #877: 6 11 6 2 14 3 
Case #878: 2 1 2 3 
Case #879: 2 1 1 3 4 
Case #880: 3 19 6 
Case #881: 4 3 2 3 12 5 
Case #882: 1 2 1 8 
Case #883: 9 4 10 12 
Case #884: 4 1 1 
Case #885: 7 4 8 3 7 
Case #886: 1 8 4 13 
Case #887: 11 8 1 
Case #888: 7 5 7 6 10 
Case #889: 7 3 2 4 3 
Case #890: 5 20 2 2 3 
Case #891: 1 5 2 2 3 
Case #892: 20 4 6 1 1 15 
Case #893: 8 2 5 1 5 11 
Case #894: 45 45 4 1 9 
Case #895: 2 6 5 2 
Case #896: 3 3 8 3 4 1 2 
Case #897: 9 6 4 8 7 2 1 1 
Case #898: 5 2 1 2 2 3 4 
Case #899: 3 8 18 9 
Case #900: 13 1 7 3 
Case #901: 2 5 1 1 2 
Case #902: 19 6 2 1 1 5 6 
Case #903: 2 2 9 1 2 
Case #904: 5 2 18 
Case #905: 1 4 2 5 1 1 
Case #906: 1 5 14 2 
Case #907: 1 2 3 
Case #908: 1 3 1 13 2 
Case #909: 3 3 6 8 
Case #910: 3 8 1 4 1 
Case #911: 2 
Case #912: 9 6 10 9 3 2 
Case #913: 24 15 5 5 
Case #914: 8 3 1 10 1 
Case #915: 7 6 2 2 
Case #916: 2 7 6 2 
Case #917: 6 2 2 10 1 4 
Case #918: 3 1 1 6 
Case #919: 4 5 
Case #920: 8 4 1 2 
Case #921: 38 3 6 42 5 
Case #922: 5 3 2 1 2 3 
Case #923: 1 5 10 6 1 7 9 
Case #924: 1 1 6 4 2 4 8 
Case #925: 12 8 21 2 32 11 5 
Case #926: 12 6 13 2 4 8 4 
Case #927: 7 1 4 8 1 2 12 12 
Case #928: 26 9 12 3 6 
Case #929: 2 4 2 
Case #930: 10 15 8 36 10 17 6 6 
Case #931: 5 18 40 4 25 41 7 
Case #932: 6 2 1 7 6 2 
Case #933: 6 4 34 9 33 16 
Case #934: 4 22 5 6 12 20 
Case #935: 4 1 8 5 8 7 
Case #936: 2 10 4 1 5 
Case #937: 3 2 3 3 4 2 1 
Case #938: 24 2 6 6 47 
Case #939: 12 20 3 6 
Case #940: 7 4 83 8 11 28 
Case #941: 3 1 6 5 
Case #942: 35 6 66 12 2 8 
Case #943: 2 8 17 
Case #944: 4 1 3 
Case #945: 9 3 1 3 
Case #946: 2 1 11 5 8 8 
Case #947: 3 4 4 11 4 5 4 
Case #948: 5 1 
Case #949: 5 10 
Case #950: 3 2 2 1 
Case #951: 7 3 2 46 8 12 
Case #952: 1 3 2 2 
Case #953: 17 2 15 10 20 
Case #954: 6 1 1 2 1 1 
Case #955: 22 4 1 2 11 30 11 
Case #956: 27 6 13 4 16 
Case #957: 1 3 4 7 1 3 
Case #958: 15 9 4 
Case #959: 6 3 11 
Case #960: 5 6 6 4 9 
Case #961: 4 19 16 7 13 4 
Case #962: 6 7 3 2 
Case #963: 6 7 
Case #964: 1 8 2 3 3 3 4 
Case #965: 25 3 9 
Case #966: 9 26 4 24 2 
Case #967: 7 14 
Case #968: 1 11 5 20 29 18 9 
Case #969: 1 3 5 5 
Case #970: 6 3 5 3 
Case #971: 4 8 
Case #972: 18 12 15 1 15 
Case #973: 1 13 
Case #974: 15 5 6 
Case #975: 20 9 4 5 37 15 
Case #976: 2 5 1 3 4 3 
Case #977: 6 6 9 1 7 
Case #978: 5 9 4 5 1 1 
Case #979: 7 3 9 
Case #980: 1 1 1 9 8 1 3 
Case #981: 1 5 1 
Case #982: 10 9 1 11 
Case #983: 5 16 8 3 3 5 21 
Case #984: 1 1 4 5 1 1 6 
Case #985: 5 17 3 13 2 
Case #986: 4 2 3 1 15 3 4 
Case #987: 3 8 1 5 
Case #988: 2 1 5 11 
Case #989: 2 2 8 
Case #990: 3 2 2 7 2 
Case #991: 16 15 12 2 
Case #992: 4 6 1 1 1 3 
Case #993: 34 8 6 9 25 
Case #994: 8 1 8 5 21 1 
Case #995: 4 5 16 8 
Case #996: 3 1 2 1 3 
Case #997: 6 1 2 6 
Case #998: 3 2 4 
Case #999: 4 
Case #1000: 11 2 1 19 3 
