100
20
534 -453 803 63
153 192 336 969
268 -366 975 366
-219 -201 861 279
264 -268 505 -168
939 123 959 435
27 -943 778 213
522 -877 562 679
-330 -152 -279 477
-499 566 260 766
286 -824 305 -160
530 893 666 997
-850 802 420 881
-791 -863 -196 -138
350 -518 834 806
887 892 955 969
-343 -575 845 745
-972 68 503 968
741 947 979 962
-922 -263 54 652
20
275 -513 741 -377
769 997 878 999
-5 496 690 662
-203 -791 512 -700
-564 971 -34 994
566 -373 770 913
-364 685 223 712
425 -251 478 486
110 437 476 883
119 253 530 891
-796 -517 -6 395
702 543 845 746
900 -756 971 706
-802 893 -479 959
-203 765 875 994
303 199 996 877
-820 246 225 969
-773 190 514 334
-464 745 374 865
3 -162 447 151
20
302 -765 476 119
-142 750 211 786
478 656 996 994
853 192 885 511
-517 245 -159 808
930 -616 933 506
667 575 685 828
897 181 942 984
-958 900 933 984
252 116 807 143
-72 -421 705 339
828 940 936 992
-253 712 888 997
737 515 837 540
-972 503 -220 973
998 -54 1000 -6
370 894 860 992
-916 499 -577 819
144 -775 185 789
163 856 791 876
20
331 461 842 514
991 -714 993 -155
-627 674 620 831
-235 -90 -233 -86
411 -832 512 849
-286 480 748 801
319 9 378 223
-214 -721 469 192
935 -413 988 774
-866 -710 244 -278
153 815 668 916
910 -69 967 291
-802 -88 -338 573
872 -957 952 567
-363 -114 454 878
-807 -568 713 201
531 150 869 449
-18 -263 627 -232
-225 -978 694 -303
359 -142 379 597
20
-56 158 322 587
344 876 595 996
-412 -87 399 957
-658 963 982 986
-87 -485 84 70
-653 -509 823 935
-828 -231 -605 183
-892 -923 569 -525
621 848 740 970
294 -622 757 -464
573 -754 739 809
-762 -194 705 591
625 -7 868 78
-139 963 645 990
466 -374 634 678
-532 693 -187 722
368 -294 745 905
205 442 524 637
614 821 786 831
-839 102 -243 365
20
430 -787 454 -614
438 -367 622 5
864 784 916 923
614 717 660 761
811 814 959 901
911 -910 984 -430
444 -900 458 274
655 788 953 889
-402 151 921 813
78 42 585 44
-39 -499 882 -310
-971 546 535 641
-88 -506 548 -201
-921 950 -284 983
531 -350 916 547
-837 -139 239 -88
799 820 858 961
215 583 339 757
-353 649 -44 840
-989 -244 -596 -69
20
972 399 975 987
-573 -162 461 241
-7 986 251 997
-438 -774 805 123
793 -468 795 101
-383 885 551 928
817 484 831 789
-744 1 -248 144
-205 508 229 724
-587 617 371 635
798 -267 907 917
-987 -960 450 -136
-190 -28 569 983
635 778 882 950
-35 -60 684 980
977 -329 991 89
540 296 857 571
63 721 828 886
-709 268 -535 999
433 -365 857 63
20
370 -956 500 774
-827 831 -516 941
237 742 266 954
-44 818 436 851
903 -221 957 -52
938 -518 989 -8
298 154 705 261
-112 -998 -13 702
-561 -572 696 -537
-297 -940 682 -531
-796 36 569 368
-972 -323 -164 -177
-383 530 130 798
649 -85 810 -18
471 -758 680 -637
565 -825 978 28
653 -252 771 966
73 646 200 783
716 777 935 979
-25 -108 11 318
20
135 -318 709 614
-925 -838 796 -183
727 -426 799 324
-326 802 243 850
-101 -13 978 354
353 -247 630 -13
233 12 821 386
998 652 1000 787
-894 150 702 505
-532 -183 141 331
-597 399 99 889
-366 287 -138 817
-940 -646 172 611
-960 -229 -930 996
436 -646 687 -466
-125 -292 984 112
-403 891 297 917
-225 223 860 712
-309 48 418 66
-920 -762 682 507
20
846 -320 904 67
-660 -306 982 328
-795 669 91 937
-429 -349 -155 -295
-465 269 931 807
-686 68 198 858
-505 999 113 1000
-494 -5 449 427
-291 484 -186 774
-508 340 -443 900
571 -264 727 -252
911 431 958 470
975 -464 988 -151
-978 912 570 984
-678 -778 245 944
47 916 500 943
-824 183 -121 879
765 -312 869 339
245 169 951 747
120 285 372 732
20
683 -887 768 953
532 -136 915 706
531 -136 968 987
220 -395 809 -134
-887 923 -10 964
535 -112 949 217
252 -283 570 151
447 -455 711 -374
634 685 739 762
-94 803 317 924
569 993 953 994
-431 -537 453 -455
806 118 908 290
367 816 556 971
-426 324 -195 918
-807 927 22 950
-481 975 861 988
708 -438 923 -101
-111 945 437 981
-512 677 990 760
20
258 -894 955 360
207 479 782 744
314 -561 906 621
-823 896 -446 918
982 358 994 799
31 581 521 821
-36 -604 262 721
-299 815 467 868
831 620 864 831
790 413 838 694
-437 45 -278 275
865 -266 926 74
978 735 980 843
-603 723 -264 753
-548 -287 443 301
-962 -227 346 -204
63 545 769 756
957 -320 995 812
410 -940 520 353
-27 486 981 773
20
-505 90 -215 866
237 181 254 305
894 431 923 895
-284 193 740 970
768 590 914 845
981 -543 992 993
789 303 989 330
700 495 792 565
-952 -409 -185 227
-704 -827 143 -259
269 325 434 467
-112 -91 244 -18
741 202 889 700
-483 763 702 908
186 347 994 715
370 163 662 821
556 -402 660 197
-926 820 -545 851
-387 -223 22 -197
-421 -808 331 -725
20
382 -291 686 -227
-987 539 809 827
-41 -1000 23 98
514 395 694 663
173 746 203 891
402 388 529 477
337 854 879 911
911 -494 914 623
805 -853 988 24
-865 510 -104 567
-565 590 959 969
121 935 219 993
-634 689 -66 932
-994 -678 -979 -177
-466 726 53 923
376 -591 528 785
-958 216 -410 650
-506 942 733 995
-902 -834 -63 -251
488 -540 925 -303
20
-94 -520 862 -200
-670 375 -594 558
919 -834 954 953
966 -194 970 437
-856 215 490 444
677 -561 914 338
30 -352 419 207
-261 -749 896 815
-622 -262 66 246
305 -285 724 337
-133 -950 230 760
924 -156 940 496
-807 -858 -489 -854
459 -971 491 -65
345 274 568 329
-943 870 620 963
-913 862 -684 878
-96 -208 423 836
-993 -238 2 894
451 -876 888 78
20
789 728 947 799
-934 543 -334 853
-241 582 -141 951
-821 -671 -8 749
257 698 360 910
-387 951 469 959
-744 -610 943 -142
-969 780 984 833
123 108 443 342
-441 848 617 892
-829 -425 318 -304
483 338 865 859
-865 863 -524 891
685 -252 925 185
188 -114 561 290
31 545 750 804
-67 710 121 972
146 -715 433 -285
180 -158 974 488
-870 -675 -15 785
20
804 -609 983 62
632 466 992 488
623 -299 862 100
688 304 710 467
-998 -757 731 -73
-263 536 736 839
195 408 287 768
-990 921 -166 975
-894 235 582 408
884 -733 887 -129
-733 930 832 976
-500 -646 456 575
108 238 287 851
-913 511 -126 933
74 543 234 942
586 461 963 669
164 386 228 565
987 250 993 513
608 -362 786 240
728 769 744 963
20
-528 886 -319 976
-562 -609 5 643
674 -551 893 -110
-117 -808 -21 -125
-224 -263 385 602
922 307 972 448
-295 -175 157 309
-417 -857 266 976
-274 200 981 981
-431 -871 734 -210
825 842 916 856
-75 15 721 436
-463 514 930 608
-156 592 626 850
559 -171 641 181
-403 -319 -123 -192
739 219 856 918
252 -37 505 544
-860 -750 -566 -177
-55 -494 689 284
20
395 266 859 944
-831 959 706 963
871 -914 905 225
987 523 994 714
-556 290 127 695
-851 776 -259 953
-294 353 773 468
-928 -658 338 -222
129 -485 875 678
758 -702 989 -94
-346 -692 -9 -483
-648 -541 -606 547
414 364 870 909
543 683 835 789
117 412 951 498
-672 222 969 315
138 574 883 725
-336 269 935 782
-344 122 -283 769
-50 917 512 922
20
331 942 999 966
918 -700 942 166
355 743 805 829
225 872 697 965
-408 -593 522 47
408 822 668 887
-928 -861 189 -651
-683 -603 401 -268
131 -215 635 994
681 -356 819 263
-374 237 438 310
41 -828 412 82
-776 528 42 686
649 -560 832 -208
-932 -66 14 937
-290 -956 250 922
-289 -629 389 836
440 322 923 941
-919 257 682 442
63 -332 718 543
20
965 14 972 894
542 16 983 900
658 -36 903 355
562 -988 965 -591
174 356 231 561
-608 656 633 761
305 769 545 843
503 546 764 664
837 -761 866 226
338 957 364 958
-241 1 562 995
803 886 987 908
-469 159 679 270
-129 888 -62 926
-879 -389 -732 759
-216 -691 905 818
787 154 962 548
812 -55 987 -22
-443 449 571 922
146 250 326 615
20
-423 4 160 550
593 -495 823 652
-58 78 344 143
-949 -249 -874 321
-208 886 -90 962
921 -500 959 686
-200 161 163 938
720 -208 887 720
-735 694 374 920
694 -752 805 -183
465 -70 695 861
-521 -429 -231 -145
883 421 998 603
-278 -278 984 631
19 -133 275 508
58 -520 478 -382
-394 -119 501 820
290 -900 482 903
361 -513 810 -386
178 -512 619 295
20
-790 609 293 926
-229 435 -93 495
-89 -809 -11 4
594 -155 962 6
-970 376 -132 475
-902 -415 371 -23
161 -176 982 361
-569 -227 71 792
381 864 913 884
-330 -901 478 460
579 -122 707 667
-875 -689 -281 402
488 122 671 769
143 -871 862 730
886 96 932 405
-943 815 -637 856
-216 87 945 721
930 934 969 982
797 25 968 476
777 -100 917 415
20
106 901 664 951
-637 -335 -145 165
-590 474 -299 851
-862 -678 781 337
-989 944 912 984
822 319 898 961
-115 -389 277 586
-992 367 930 826
793 -551 889 673
428 353 529 1000
780 -521 856 -472
686 -955 793 -459
316 250 630 822
-921 482 512 550
730 -336 883 281
492 -160 548 393
525 721 842 885
-567 -60 288 416
514 860 883 997
-458 545 693 959
20
372 -549 490 488
339 992 550 999
760 -409 837 288
-501 -351 -87 815
-93 874 420 1000
438 364 866 592
-497 -117 267 961
206 -47 778 380
-169 -404 766 729
-977 298 124 746
-82 -801 144 183
-990 337 -687 905
-288 -781 559 -488
694 956 703 976
-101 650 928 712
581 -351 779 623
887 836 890 857
-723 376 835 572
-930 -879 604 613
321 831 987 859
20
-464 867 113 996
448 609 984 718
-204 -761 802 -94
371 116 703 633
498 626 713 940
-812 -897 721 -678
-839 157 283 355
517 783 967 936
136 391 337 906
-299 -120 643 -72
368 201 407 767
2 -938 964 747
861 -701 959 214
-382 814 473 972
-97 -605 698 762
-823 47 -735 566
705 691 859 723
12 448 231 963
899 40 947 683
695 982 704 989
20
-722 13 302 724
956 -117 970 -82
38 517 345 965
-1 382 697 750
-882 496 12 502
953 87 982 353
-553 -201 832 214
412 -751 742 621
-72 807 976 834
-885 981 -560 997
704 -77 902 865
560 229 682 648
202 813 415 928
292 -692 978 9
-451 969 -429 989
433 581 746 937
-821 -123 -316 670
38 -759 320 -309
914 368 956 468
-628 -913 407 -604
20
677 -584 803 -147
-699 -144 86 936
678 -320 707 -164
916 751 961 906
-102 86 618 693
-435 860 311 890
299 -404 587 171
993 131 994 262
-160 240 935 400
592 75 906 819
689 202 716 451
-181 394 -133 995
730 693 744 707
-523 -192 694 529
357 865 696 892
-709 184 272 427
-536 -609 570 569
-225 -632 596 -127
-822 -639 879 817
-318 -197 922 771
20
-99 276 425 612
-614 -666 -546 275
-21 676 472 759
310 -785 883 23
-265 872 658 988
73 456 827 500
717 -175 954 3
-596 598 -41 768
617 -924 783 -521
106 -767 294 -56
-931 101 -714 502
-720 -651 -484 -488
448 222 714 248
-454 -117 -78 -12
94 76 767 683
-578 -193 -574 177
-885 -616 906 -127
-819 -785 -464 311
666 439 936 847
-910 -821 233 -18
20
684 561 829 654
-136 878 -122 988
990 793 991 987
-182 111 780 695
423 232 524 776
-113 548 443 624
-201 -112 143 740
-902 475 467 935
528 985 986 997
-368 264 258 322
953 -454 994 957
310 447 593 994
-33 -164 481 419
-694 330 443 557
-692 922 590 969
981 926 995 936
53 -138 741 442
-689 302 94 818
-708 475 -414 506
217 454 971 585
20
-751 620 -167 787
829 581 958 716
-43 -604 896 -24
-837 -881 -449 -210
-770 -25 227 776
241 470 386 941
-144 822 -35 954
-574 -397 259 143
-537 269 -180 335
64 876 194 888
-411 -834 29 255
550 -45 799 798
793 168 959 639
-840 -968 544 574
616 -176 989 421
-652 776 40 893
5 805 799 881
-830 339 316 752
400 -654 714 -618
-238 11 469 385
20
594 -338 879 9
519 95 757 853
141 527 589 567
432 -262 574 627
243 776 438 958
771 -752 829 -390
-534 -483 300 229
-666 442 196 611
662 -968 676 665
605 -982 631 131
301 -30 496 486
-752 906 -31 980
979 -67 989 49
769 398 970 752
59 184 299 927
-416 -413 740 -306
514 522 516 745
-724 950 -312 981
546 108 893 997
-893 -524 -98 235
20
579 -825 798 592
-285 -361 260 227
705 -598 967 -350
665 -640 861 282
40 -685 989 -508
-335 -834 508 975
-971 -413 517 242
629 -10 906 474
364 994 513 1000
-298 527 864 714
-304 -309 250 400
721 609 956 999
693 -612 952 416
650 258 721 619
398 104 972 671
-575 -992 998 933
-330 -696 287 369
901 -835 974 -322
-201 -24 552 532
845 906 875 956
20
-865 -43 863 402
-286 722 141 990
279 288 716 334
-7 763 338 876
-101 -850 674 -626
-924 972 196 995
-728 -876 -487 152
949 615 958 839
151 -723 727 -321
859 -361 930 357
-51 395 -33 502
684 -268 950 388
105 525 696 928
-490 -911 900 906
-556 -63 -244 257
-338 -942 463 -98
456 557 505 967
-761 690 194 737
658 466 781 630
620 468 777 769
20
-300 503 416 703
259 -213 549 789
994 630 998 904
-555 228 400 916
827 -132 892 71
354 625 921 654
549 615 999 953
-116 -611 947 81
65 -850 476 523
908 699 961 996
439 732 547 811
450 -125 841 -49
-578 759 -502 776
386 -509 399 294
99 -537 825 541
-13 820 -4 968
74 721 540 970
-269 905 606 970
561 -415 886 114
-929 -119 -45 131
20
-288 -916 -102 817
38 -854 735 154
817 933 947 985
236 311 278 759
941 -916 942 978
153 -867 281 -575
507 500 771 628
264 -455 531 -272
495 826 905 833
881 46 974 985
-141 -854 632 719
956 795 969 916
164 -813 732 -14
-546 132 70 910
-937 706 -238 972
545 242 620 1000
808 985 1000 996
226 -253 902 -227
-95 757 503 798
-142 521 441 873
20
-657 218 89 870
-900 549 -879 717
304 517 970 782
112 889 696 910
749 521 802 948
-469 -119 180 525
-921 389 722 717
821 792 880 852
-350 -324 168 837
-981 -75 -581 -40
-31 821 764 862
-637 207 -554 379
269 -210 634 595
725 462 941 494
17 285 772 438
-517 660 -486 858
307 643 878 993
-211 479 -54 700
-66 465 769 845
23 181 689 834
20
277 103 535 459
697 -961 836 673
502 -875 875 -515
-480 -555 413 352
529 770 967 806
-719 -963 -286 -307
-932 655 74 667
-292 232 80 486
314 -402 955 958
64 -924 806 1000
52 345 191 395
900 -423 989 629
-400 -603 249 167
127 -550 901 -250
-773 645 -6 829
-176 -963 165 -64
105 -321 913 868
-993 225 -136 474
-823 240 -348 867
-307 536 607 878
20
951 -489 972 -11
862 550 990 712
-559 358 -175 710
-273 -970 -87 664
785 717 892 816
-921 323 860 871
364 938 378 979
-645 321 -559 844
470 -196 500 -73
-517 990 194 995
161 -352 636 810
61 -834 605 830
514 -16 836 599
-243 513 405 591
422 556 973 812
-558 -896 156 -96
-614 667 -407 684
-456 579 -256 791
-883 -893 797 636
306 -665 768 512
20
-800 628 333 925
396 -805 824 376
896 531 991 645
658 812 826 818
604 141 705 293
-345 566 737 718
-397 -925 790 -129
765 -815 778 -557
-425 24 604 552
-726 -750 87 -26
829 -702 874 -455
865 869 982 887
128 638 530 699
-991 -151 813 399
-797 936 -396 937
-437 -438 873 372
373 297 734 691
894 -559 998 300
227 916 876 926
-50 252 -30 541
20
-599 -321 727 878
-899 819 550 937
373 -679 678 -233
-466 -1000 374 -567
-848 -960 642 -431
909 127 947 276
-115 -82 47 580
148 -290 469 -27
-355 930 -96 973
138 648 899 729
292 840 424 899
316 155 646 808
-253 907 -15 960
169 -899 981 651
316 -99 581 287
-654 9 231 569
67 75 999 349
445 -43 565 880
-869 426 381 745
-657 -850 -170 -476
20
-191 -209 963 439
-35 787 658 916
-483 -801 726 -238
460 -218 965 162
567 -135 837 392
-926 151 -219 797
-821 213 -43 691
262 -999 348 -489
837 675 907 887
-20 -214 414 162
971 -890 980 -135
-349 -683 -228 -54
334 -872 945 600
-460 -542 -352 757
-16 -474 732 1000
-105 665 56 892
648 395 700 887
-303 -751 398 401
57 572 944 861
575 -973 842 -950
20
979 -793 989 -729
659 -917 825 739
937 -900 984 328
42 829 935 847
863 121 920 511
-701 -410 224 467
135 -826 446 550
-819 -816 223 -441
-840 -243 859 -185
354 940 748 981
319 32 383 585
-556 930 -387 980
-511 537 -28 550
-297 55 169 522
-877 420 -541 698
-316 735 256 773
34 -734 296 302
-509 -422 247 -137
903 509 911 540
235 -129 370 836
20
942 -241 978 530
54 -285 648 914
-41 972 509 983
-344 -628 869 -24
-636 -778 96 503
770 -504 826 709
-338 697 -41 904
739 751 873 797
204 -24 316 866
373 883 451 934
-970 -997 -702 -914
-937 984 -144 996
831 -722 915 -651
-196 -798 886 923
887 729 976 775
-37 886 0 978
-1 -414 392 -107
-727 -260 14 156
89 -591 592 697
-680 -267 221 722
20
201 -709 903 -524
758 664 941 979
319 491 470 977
123 537 236 783
-279 -761 983 -612
136 160 825 407
99 567 196 609
752 43 928 703
86 246 561 908
-216 677 338 940
-49 425 388 984
421 324 561 402
-834 -708 -666 -676
-607 760 -161 817
-787 899 -98 900
556 426 969 854
912 706 987 897
189 -585 594 -584
684 346 905 966
615 -985 730 970
20
478 250 978 424
-507 -499 -150 381
230 672 330 837
-611 -415 616 206
-525 981 95 999
908 573 961 834
-941 33 -771 717
-813 785 954 912
-446 -197 -96 88
-266 404 269 520
-48 -580 469 -54
-646 -508 -331 -220
423 804 931 984
603 189 636 257
-422 573 -46 605
-141 183 525 773
-305 481 -182 858
-666 248 233 447
-158 -506 397 41
281 320 300 760
20
631 533 799 851
258 -420 635 263
-813 321 765 601
-710 449 385 609
158 -402 591 307
-259 -427 411 510
723 765 756 874
63 737 673 867
-990 808 56 957
713 -359 838 754
520 -802 853 52
139 -689 425 727
-270 -859 256 748
-485 -120 550 407
541 954 555 979
529 -189 966 -176
299 877 633 958
180 -563 284 778
-451 455 133 785
-715 460 36 830
20
-926 -491 194 -138
119 -708 692 668
104 645 599 947
-334 871 733 963
412 66 690 106
831 -480 857 -69
-422 -827 332 874
-742 561 922 731
-174 568 221 764
-31 -517 289 -185
633 720 853 816
458 712 703 722
-832 -112 779 -54
793 830 991 994
798 174 915 777
-207 -791 301 -642
-374 707 -46 730
86 -21 163 231
-736 293 89 739
353 -780 426 -610
20
268 274 990 582
-837 757 333 913
-680 -253 128 157
469 315 650 973
548 892 797 943
339 247 805 740
-648 -68 76 114
-838 -365 -751 201
-253 -571 984 -500
-816 394 988 769
-226 919 15 953
-656 -675 149 -82
824 -943 894 -602
458 -285 811 -137
583 391 744 727
592 343 893 742
956 223 982 395
926 502 994 997
518 168 532 729
-449 -96 253 221
20
470 273 525 440
288 -41 324 129
87 -63 469 443
-690 -15 636 358
-636 286 618 456
-986 -944 286 546
853 -106 997 1
233 61 758 205
-489 -555 895 -316
-763 363 -414 462
-858 144 -696 545
646 -864 651 479
-419 69 333 990
-758 601 638 630
544 -187 799 -71
627 93 921 591
-25 -923 524 -792
103 -293 363 791
380 29 962 118
768 507 959 964
20
-349 97 -221 947
-639 643 -191 673
609 -992 781 887
863 -201 900 34
19 268 983 591
351 546 475 793
644 -738 801 205
-874 -612 -547 -303
-901 435 -773 710
700 -885 801 85
4 442 319 865
121 519 307 738
-256 493 714 880
629 -225 822 -35
493 867 861 913
232 522 425 887
-109 187 238 992
-424 74 188 536
609 -680 725 -465
-426 -248 728 330
20
-685 -711 405 176
-840 -661 368 460
984 742 986 906
310 -415 478 94
232 -699 351 29
-188 -841 -64 532
880 -11 912 922
-94 -770 -64 -381
959 -177 969 247
521 -117 695 832
734 -33 944 959
442 104 512 429
-425 -363 799 161
-92 965 609 980
-767 -691 887 -67
-884 -264 239 -84
374 -993 568 -959
-907 112 -383 652
191 872 525 993
303 684 669 763
20
-794 393 -573 537
-494 810 586 816
-386 -342 552 262
-878 93 37 783
245 824 268 974
-178 683 532 973
-154 333 806 768
337 561 611 838
-287 29 503 463
-405 -441 -200 453
280 500 371 868
422 -772 718 -647
-473 750 320 813
344 246 646 606
174 58 392 974
966 -457 981 958
920 -433 989 240
-998 -904 -831 723
-342 978 -211 993
-448 942 203 976
20
-467 -941 -272 133
-593 -804 219 157
90 -944 432 -510
-478 417 -316 868
-413 -263 509 345
104 -380 297 956
910 124 990 203
-636 -428 -52 -367
350 -492 784 566
57 -537 880 -23
-974 -44 -340 845
-113 308 441 850
152 -532 755 -64
233 -112 850 615
996 265 1000 972
411 884 650 915
175 -864 848 511
242 -609 979 -237
226 197 844 766
-556 -447 698 -265
20
-935 -834 475 -779
806 253 929 885
-193 971 108 999
-13 500 782 710
-519 -894 673 -688
-609 811 -596 846
-216 -500 27 -6
683 -496 711 825
729 590 918 752
-367 -442 314 595
-394 862 -198 929
610 865 959 960
451 -226 522 99
608 -363 912 963
-795 -509 -512 498
-787 410 50 877
-393 345 26 743
-468 -810 -220 -722
-538 867 -115 991
288 610 599 944
20
272 811 408 927
-240 -737 593 486
888 -243 996 130
-904 -346 -337 173
-270 76 176 105
573 432 596 989
-122 669 950 970
-727 960 306 971
-915 644 -876 691
-409 -656 975 -160
957 639 979 823
413 258 819 627
-968 481 -803 962
280 512 865 519
-231 56 -204 64
598 -378 668 73
-147 249 417 964
838 56 840 92
-683 502 793 996
-438 952 82 985
20
-275 -915 142 794
-316 776 918 987
-316 714 841 748
519 960 898 965
-492 316 101 996
350 764 792 927
387 724 937 999
-161 326 356 823
-372 -969 -174 -667
684 745 923 990
715 567 765 602
162 -75 228 810
418 93 680 930
-777 793 837 905
880 618 968 668
353 -420 434 482
655 -481 968 -325
-526 -282 722 60
-780 479 -510 984
-47 689 183 893
20
-224 189 596 696
-512 -591 -185 342
-989 -523 -910 749
205 944 402 992
773 572 914 627
526 912 543 948
-404 -288 380 -34
554 598 963 966
-171 257 1 795
505 419 679 580
-221 280 956 407
-394 -99 -255 726
926 746 940 775
-960 891 600 931
-955 330 511 988
65 -823 444 784
267 -464 508 728
-749 -624 383 -119
-509 542 945 716
-445 -972 -336 -322
20
-42 667 125 763
-867 488 680 943
-374 -598 719 108
666 454 905 505
782 143 938 164
-328 843 599 947
885 347 986 689
-873 568 -2 756
115 -736 434 163
584 -180 885 -53
475 152 879 878
969 -317 994 -280
-626 -134 315 521
899 -54 920 -48
741 -524 941 816
445 -224 912 -35
847 -461 874 999
-671 704 651 779
-976 846 192 940
-416 -977 717 322
20
-29 -710 757 -216
484 645 577 988
-755 886 -185 981
902 58 974 567
-462 909 617 937
-189 238 184 344
953 -794 972 561
-141 569 166 697
-579 -983 477 -513
862 310 873 939
172 473 435 914
-547 259 321 264
-337 -250 -152 243
-202 -682 805 779
343 -432 725 246
190 -85 387 946
-14 261 76 605
178 877 817 953
597 -401 713 941
-548 -871 -376 395
20
805 528 864 878
564 928 665 988
601 57 697 510
-52 8 170 803
-199 316 556 439
-96 831 543 962
-708 -830 890 -64
-932 -696 158 -539
-234 -300 557 905
353 -484 526 -35
-816 -588 901 98
-397 -251 -124 -103
-950 -153 190 518
226 122 824 342
-230 366 885 962
262 -438 391 176
824 -719 843 944
-691 -693 -144 -419
447 -38 728 849
-483 823 -478 889
20
-461 382 854 607
-743 -272 -240 902
104 884 331 886
-949 -174 -924 795
-333 -476 -117 596
160 -678 644 415
-479 584 -346 589
-205 -760 345 877
-369 -663 97 -317
-302 995 793 998
332 707 412 917
-527 922 893 962
731 -449 947 820
494 6 642 164
-669 -374 -168 528
887 376 972 581
143 -121 162 350
-519 138 113 244
519 -672 773 -359
-814 731 4 886
20
652 912 901 928
730 655 791 662
98 147 627 731
-936 354 973 963
-146 995 316 997
-383 -513 200 931
806 931 833 969
673 -747 736 -645
-61 -941 214 -513
484 -343 803 312
-861 -757 -359 -217
123 -497 758 710
202 645 782 823
369 365 787 463
333 475 594 695
-68 -517 339 -178
203 -812 813 836
-937 769 -240 909
-711 861 -320 883
438 109 901 166
20
418 437 890 980
163 -528 682 54
-522 -819 407 -212
-604 619 965 706
899 -679 976 -549
811 872 999 879
599 -607 612 603
127 -77 305 836
204 -836 292 -198
781 -964 805 -659
59 66 97 478
75 58 698 489
659 -393 890 -375
75 -299 416 267
752 690 849 925
-768 227 -677 760
922 -731 991 -128
-371 -428 828 825
798 -721 831 -99
522 -289 637 360
20
-169 -767 515 -42
438 -270 809 -153
-260 -933 301 779
294 -194 984 139
817 964 948 979
-893 -922 473 -83
645 4 852 8
184 -891 321 641
-996 111 155 410
941 567 957 650
910 282 987 667
-410 91 546 335
189 876 266 935
108 755 659 937
431 -849 711 -26
-145 188 188 414
237 -973 995 977
276 530 416 863
880 162 970 330
490 -179 584 564
20
-581 -237 -12 465
-797 798 -37 838
-584 -363 -330 413
-83 -751 654 777
-733 -350 748 120
-313 843 -240 885
423 -969 773 -689
262 180 478 229
219 -458 541 -287
-839 985 -512 991
-362 647 933 758
708 658 863 667
319 625 473 636
621 684 818 796
618 -217 724 -105
-456 476 670 584
625 -671 684 764
297 264 520 581
-699 197 280 799
824 297 999 694
20
723 -795 988 -336
366 743 495 847
-410 -43 -373 557
479 864 889 915
-407 -500 547 553
8 668 317 698
-353 -987 314 -366
250 -699 589 446
-388 -952 800 -826
-868 120 -31 486
-615 -26 -350 521
-46 659 398 783
329 708 550 723
486 -466 627 509
-403 -676 240 755
595 186 735 639
107 351 640 453
-178 -491 713 -72
-436 -126 744 969
94 322 134 769
20
933 121 963 850
-978 -908 -722 266
703 223 943 668
-898 213 963 549
-178 -707 458 -20
935 -27 966 584
777 -757 892 585
-291 -272 440 -84
32 -245 535 -14
426 59 568 355
830 -333 974 372
-600 2 -7 861
376 435 701 833
914 -768 951 999
559 -507 688 -117
586 243 867 406
-521 36 -449 570
769 -34 776 -19
606 -406 968 613
769 230 928 436
20
-980 -146 -234 881
-193 -519 639 544
-856 -440 -686 431
982 -460 987 509
-206 890 365 977
588 0 804 737
-155 86 141 985
559 -837 790 497
-734 343 -697 783
621 996 656 1000
540 -772 816 -386
-775 -725 835 -294
-624 -896 -425 724
-535 -234 143 -212
192 -657 255 510
-277 -837 550 -602
994 976 996 985
471 -834 758 524
-811 240 406 609
653 -132 752 985
20
540 -786 622 -29
725 704 836 863
661 123 704 945
475 507 742 673
504 -19 789 539
-820 -984 606 -87
-602 968 -115 993
382 856 459 939
-777 -720 -773 -227
78 -14 855 50
889 31 941 700
515 635 953 880
-212 599 195 656
808 64 900 967
-212 -981 538 -157
994 550 1000 883
-322 -843 379 -139
812 871 878 874
60 85 151 497
-222 -182 795 962
20
-554 883 470 987
-370 -898 657 -181
-450 857 85 977
-523 -910 -319 -242
949 511 972 836
-997 170 -837 382
400 -134 745 257
-636 -772 644 790
-227 -425 962 758
-960 211 -492 986
-948 872 304 876
334 -629 753 -133
63 -46 447 607
159 520 215 757
617 -82 900 873
-960 413 739 452
-719 288 559 557
185 764 269 824
-843 671 -459 847
349 -881 542 295
20
-953 631 46 892
354 -248 584 945
-835 -448 -168 -140
72 -191 241 528
419 -595 626 64
-702 -884 260 113
-380 770 189 830
-117 188 -86 472
-842 536 -229 624
737 -664 919 259
-281 -634 995 891
-435 -413 415 326
527 -69 795 502
600 794 975 942
634 983 914 987
-693 -41 -75 289
411 0 502 309
195 325 814 629
-521 243 835 638
-338 -314 307 565
20
142 -851 594 -466
830 -119 902 838
-521 -976 494 -463
-834 289 395 512
-134 303 966 515
-126 843 3 961
189 874 989 908
-273 -492 187 -318
556 711 760 935
-440 451 139 508
-788 471 79 666
458 107 917 619
260 454 550 585
-355 -199 119 379
-770 -109 632 568
167 -675 564 504
-296 -743 -140 225
718 536 971 851
349 -846 641 -167
-664 115 225 336
20
485 960 493 973
751 817 912 857
-991 -427 574 951
294 548 459 815
-448 -19 933 758
641 356 810 861
-8 316 972 866
-454 288 -187 436
729 39 980 373
472 -1 846 888
546 85 869 851
174 -756 697 207
640 -538 682 809
-40 908 809 974
-651 81 -338 346
475 772 573 813
338 313 605 490
-876 -219 66 827
-155 -269 427 365
290 -679 443 -22
20
-705 21 -330 671
60 -184 922 687
-145 -743 762 -446
624 -410 964 541
-241 -255 296 -104
-747 973 983 986
-55 -324 316 44
-103 320 517 570
215 -510 866 -507
-537 -270 -273 885
-869 -806 520 -696
-578 752 185 849
-835 388 182 651
-406 -705 158 -542
717 81 722 470
370 -200 435 25
246 920 906 952
-441 -182 484 183
144 -901 145 -800
426 19 922 205
20
465 411 977 914
-82 539 803 963
304 -333 428 30
664 713 723 948
427 -304 534 160
891 -108 947 584
449 -389 756 978
-437 693 -251 718
241 -84 660 620
-787 -33 39 821
881 -599 897 90
683 -383 861 41
-136 163 641 456
-424 -860 -215 -580
-346 497 -249 789
-149 -867 506 271
675 -567 947 582
829 872 960 892
-930 -869 520 448
-219 -544 123 350
20
460 -739 467 -410
885 -36 947 210
246 492 985 759
499 -883 731 -602
464 -371 829 -294
910 845 994 869
-711 893 509 916
151 -950 244 -3
174 87 530 325
884 753 934 770
254 -636 685 473
-679 -265 -586 465
-777 -536 400 -229
-435 -618 506 230
498 -282 518 405
-117 -815 380 -531
-709 492 600 611
-60 -535 467 2
-550 139 799 921
-89 -602 -63 722
20
-252 -252 -141 -152
-193 254 864 440
-681 -986 -264 704
-243 789 40 997
-480 -721 801 938
408 270 799 975
-340 81 -151 857
-710 288 963 755
-953 -423 -808 29
218 918 781 973
-192 201 540 652
704 -68 763 310
325 -319 872 36
-176 -717 314 943
-687 -170 -14 434
-234 -698 -87 -182
-570 -725 342 9
-860 197 723 404
-837 -243 -744 940
-456 598 795 621
20
661 369 868 918
499 -693 882 80
606 612 712 972
450 326 938 485
-90 -432 607 676
294 102 857 204
880 429 937 937
-557 -684 -332 -332
102 -8 784 279
-124 -310 402 892
-702 353 252 499
440 -773 728 435
633 -673 884 339
-36 -80 70 509
-438 825 965 994
-676 69 -273 118
795 -113 804 673
175 231 640 488
-843 -444 791 63
708 436 977 847
20
-962 -23 43 771
-884 -677 325 360
678 -183 742 995
237 15 961 954
-993 -262 397 767
-774 -146 627 271
254 -840 776 588
-949 -809 675 -412
202 311 552 415
739 825 782 841
181 -165 510 -75
-443 797 1000 877
-312 -857 924 179
-440 -129 -66 -26
638 155 723 850
-942 -849 -939 -422
-664 161 348 778
-210 31 82 69
533 353 624 671
-170 -881 405 -89
20
-482 -825 113 443
991 -934 999 217
-176 -852 651 -840
776 -580 978 -172
602 -460 723 -396
-777 714 -526 905
-985 6 -927 306
720 -980 763 973
367 -628 978 -573
-733 -133 918 955
-628 -572 -369 203
466 -49 613 883
789 -673 884 -412
393 -527 975 -273
264 305 932 716
873 65 877 635
-739 302 446 398
-757 -762 -299 189
-809 -578 -29 -385
70 -534 200 958
20
949 -338 991 -222
544 -386 982 583
493 347 572 833
268 588 567 909
333 273 364 412
769 -999 988 412
-681 576 975 802
-602 997 513 998
248 994 461 999
842 514 998 630
523 631 874 891
-246 787 -175 909
-716 736 869 909
885 -782 891 -172
-789 -696 183 806
-981 780 224 795
417 724 863 927
961 -601 969 -5
887 591 966 625
-860 -372 239 -130
20
941 -482 949 594
813 390 974 925
939 517 952 728
-889 -628 -403 543
367 -691 933 830
-806 392 815 766
22 918 578 986
94 811 554 937
966 783 969 864
265 -798 633 511
430 482 850 699
225 905 415 969
378 293 484 380
-524 -641 -179 780
972 -118 979 658
-499 -708 230 571
-567 20 243 729
-636 -581 -62 304
570 723 596 882
106 -541 583 804
20
-39 568 73 775
-755 -99 -679 19
-975 378 -315 550
-468 778 815 817
873 -578 949 -421
-618 -664 -224 8
818 482 855 622
748 672 827 965
-92 -565 550 -177
-337 943 281 945
288 373 356 889
641 120 861 557
474 964 699 981
-100 970 457 996
771 179 901 657
344 746 435 998
-576 372 378 862
769 -279 858 417
948 121 992 323
848 -393 915 874
20
455 -774 685 438
-685 424 21 594
469 -368 529 850
-262 23 282 814
-425 304 209 956
-959 -113 666 682
294 170 327 834
-463 248 564 638
332 -123 949 372
632 197 836 630
440 127 812 423
-282 -246 -150 507
576 415 906 769
-193 -765 925 -381
-182 -945 75 882
-186 541 410 998
-707 272 -101 494
-737 -47 523 432
992 -461 997 -278
21 -709 257 334
20
-71 -494 -57 486
637 -433 743 451
699 -806 839 917
362 724 370 811
-717 -257 514 64
-616 -851 920 733
-362 -470 860 -278
-191 344 766 985
492 391 595 782
-448 605 312 925
944 -39 977 195
-67 -894 576 972
-778 -269 -603 96
990 -40 992 383
357 -555 944 837
-501 420 -360 846
-63 -295 699 460
-288 30 -232 754
-799 -643 -79 102
-222 179 -214 245
20
-566 350 12 427
-664 -497 229 407
-921 -777 -169 178
328 -572 454 -426
884 336 990 598
-71 -571 -66 830
-756 -615 -44 -89
-857 -811 -550 74
-6 639 508 937
935 -770 964 486
599 -808 818 -597
-469 -923 321 294
-17 -834 792 -103
-441 -985 -218 131
-468 -840 894 315
-86 375 -39 549
-408 -274 594 771
-240 256 -190 472
-729 -337 108 193
158 -670 927 -57
20
-473 66 -347 515
-732 -612 921 -228
136 -823 519 270
-110 -759 401 147
276 75 702 370
-43 414 395 808
584 916 944 940
832 -722 938 -102
901 295 933 666
609 474 624 862
908 356 949 412
-904 97 -89 260
-231 -103 958 460
-284 -192 773 386
658 -234 728 750
-498 -185 -482 468
764 621 951 811
546 293 756 976
467 -950 668 957
22 -411 175 837
20
538 -482 903 855
355 -199 622 767
870 840 947 899
-117 -230 -11 781
-890 -847 284 897
458 991 519 996
567 -185 751 355
-794 -675 498 706
-176 65 607 485
-307 -699 411 107
362 -652 802 613
-538 -190 404 938
858 476 980 666
290 -319 808 -173
-202 609 557 664
-662 560 148 898
-585 896 564 989
208 528 358 876
-558 -154 167 333
-73 306 908 842
20
-189 -94 33 706
33 -62 116 796
737 169 879 782
769 450 811 978
-195 183 985 188
521 567 776 586
864 -921 1000 -598
-590 -497 438 352
-273 -696 598 367
-495 -775 523 746
222 220 265 624
-972 -692 -559 -368
374 -716 938 928
503 229 935 234
393 -192 755 221
372 812 793 998
-459 -943 829 -863
-14 -574 2 108
-900 -581 -683 527
102 -230 147 -203
20
-343 901 -124 984
626 391 687 577
366 -760 540 -397
-295 -166 132 750
34 558 572 577
162 129 188 762
-483 -404 612 423
18 -526 879 -168
781 668 797 949
-494 -601 149 269
-828 -793 -544 902
-310 -806 388 329
388 783 718 801
-153 -62 350 371
631 883 728 946
-167 -5 178 430
-587 -33 -484 252
-710 362 355 583
-356 956 8 989
-429 617 893 972
20
-634 -345 0 758
436 -196 576 79
788 703 871 907
-299 49 545 848
-120 -268 898 463
-175 -566 186 927
-904 732 -125 811
-36 120 518 227
-641 977 274 979
732 52 766 619
607 811 676 823
-606 -418 714 -69
120 -25 608 139
306 -210 492 -87
535 771 979 880
-725 482 477 832
-143 -935 993 -384
-959 -528 -838 88
-101 154 895 267
-375 115 912 213
20
-53 -193 453 325
-857 631 154 680
254 -635 388 -66
-522 718 538 848
-425 866 448 932
108 -181 270 955
119 -332 969 288
533 -742 581 -5
-627 729 786 901
226 813 301 949
480 787 929 875
-698 866 310 897
131 -88 840 243
-253 880 510 983
-599 -108 4 14
82 -111 271 750
-924 -605 614 -393
-630 954 695 983
-117 248 423 413
745 486 995 582
20
-645 -473 -113 -270
-589 -688 579 825
-340 -734 622 50
23 401 445 565
70 193 300 846
373 907 381 979
-175 -472 -142 922
-514 -9 787 604
603 -636 650 81
382 803 491 889
654 221 959 952
703 791 898 833
-141 522 -94 629
535 106 606 982
-899 396 315 869
359 -569 421 218
-783 -367 861 914
-774 -557 821 -117
536 -154 861 650
70 151 994 504
20
228 446 727 898
317 763 382 963
-752 -421 686 233
370 -238 591 591
957 406 984 421
-234 882 858 941
-189 622 86 724
215 -93 648 621
240 209 895 320
667 782 887 799
-468 -428 -450 735
-328 -635 865 -97
814 -703 840 620
-985 -287 275 831
-853 -650 658 241
930 -443 987 -310
100 -90 770 142
-963 736 -542 925
-836 -425 709 992
-318 -482 706 -387
20
-162 686 873 911
444 435 557 724
-112 94 -57 184
503 -329 755 25
548 -588 656 -57
-560 -213 294 392
877 607 979 839
-510 149 439 614
-881 543 698 813
437 734 849 808
948 -530 988 191
613 651 980 913
740 510 784 693
488 389 743 649
-687 -473 -169 134
690 713 874 832
-492 -331 231 109
687 154 763 162
-632 -181 -429 -160
783 -613 904 167
20
-959 -323 354 -264
815 -195 950 312
-699 273 0 763
-440 -760 530 -252
103 -903 453 -836
138 830 245 915
-911 -42 936 71
-250 935 74 971
604 532 634 575
293 244 978 435
14 -860 628 69
-102 -846 404 -421
270 882 924 965
-405 -111 856 409
-16 -897 507 -773
-237 285 812 796
62 -702 397 519
151 -190 430 236
270 811 534 820
-865 -947 820 255
20
820 751 911 959
-831 298 747 362
756 -274 911 665
308 71 769 393
-371 755 441 826
-653 -815 691 -494
-903 548 9 648
530 196 722 994
-62 -641 111 374
-595 -163 475 170
-753 142 -498 364
381 -103 461 194
750 95 899 772
653 753 902 791
-881 -153 165 103
797 978 858 994
153 -989 313 37
769 -609 785 -200
292 -47 965 626
110 675 759 719
20
-188 -238 591 555
318 841 758 851
608 -459 987 -144
105 83 478 891
68 -1000 963 -870
-42 26 33 835
-784 968 452 969
415 -647 674 520
-956 920 -404 987
-586 607 548 915
-118 -236 -65 225
-126 408 22 767
-971 628 170 869
-64 -34 642 498
-645 674 -62 687
-826 -944 304 -198
603 120 721 812
-218 331 -144 745
504 953 890 984
642 909 836 973
20
637 -245 863 553
-418 986 642 990
-320 350 519 487
-13 621 130 642
140 -960 162 796
-455 -662 136 428
376 -878 615 610
702 -246 871 581
-452 808 933 987
598 874 608 915
632 -144 982 141
-395 -115 784 897
-204 -6 -1 739
-195 -986 499 325
-308 -919 -94 -422
966 908 967 971
157 172 743 502
476 782 909 919
899 -852 989 -269
865 260 927 456
