1000
367843032 552833100
253795860 742925796
462412352 308144042
274546260 59999396
611282382 42153932
65119742 424970192
12879068 402525110
261335514 158752684
726161638 175586172
311453738 840383020
706249366 174137442
381459386 794699902
559479732 729172154
408709504 452683206
853575802 101408828
710278208 859687438
839309412 930254442
240952600 40011406
852357046 766107556
495136338 256631642
560784992 257652420
981775166 584686558
977159564 949237468
398393040 807638806
839342904 506857374
968778786 363402990
352271530 760773100
167876246 66543558
323184344 476447116
332832810 384989850
515099832 283328174
856530822 615964240
524901830 346460788
342400426 11051702
877903120 983753418
981508156 220540648
659816644 450293354
471361564 570758094
364386164 413716718
559448830 686268254
513809742 827626828
971905478 261119598
366669280 286569272
994988374 837286398
143827618 944815550
164798564 409911854
784412294 117945788
638668516 101233980
952431718 122331394
258721710 140802808
883556604 90003922
652482838 423223310
902871488 374480818
401718074 174517414
125057356 892631174
693282728 306978188
2294198 138696248
728598100 213058548
179758768 810263434
703589076 134797730
781057962 309449156
919157162 325799828
605124616 586754424
358148986 11714688
7905630 885638388
554309262 171267980
172795048 501008616
614593028 953644220
583198084 838051268
323800024 17714100
114685150 502658934
314942750 60299136
547632020 104343112
489363356 587114608
696190768 585568564
612332818 69771154
813302582 814553222
755687144 105874142
951796958 358011162
781219320 736611296
93692082 793877668
995744416 985807296
610478424 983579262
989652676 149221394
28959436 494257072
261583604 848953394
416726842 825933120
163211998 622909996
921836480 528055598
18828572 589624994
457475038 431018014
885522422 387790522
753313150 262770040
300888890 199027824
212268938 432854444
251319232 880093254
494901026 592064242
813726298 247226662
677949998 399329962
578308230 409357990
435124314 18953518
845440448 705366916
156319184 401775610
999729020 360934180
46163250 437800514
355537966 532554932
77684268 174660608
466843908 332971382
165280250 104877132
955841744 466938064
756366738 212859602
783461262 726485004
304441822 674233066
205999886 337816470
886114528 500358392
126973602 587214720
603522760 820285972
74877114 532961956
179848194 143854920
407887136 321917936
759448710 947728900
981996336 397741520
651384426 95597994
650761440 687752598
614007130 263005006
887495186 13458880
718572668 297478074
124419078 392957186
222556238 675531138
641849332 721493946
149388882 421456120
909720140 781823548
493071082 871880718
624208920 95823694
451078754 743182374
906100326 314240698
695717186 486048846
743113400 323122968
511537228 983237232
964133130 295771942
323817416 625958182
962705468 742713174
432057792 969862388
51265252 23324092
298887276 413632512
984727604 869959852
890097364 958258226
768731476 567888250
875697432 376580706
270101854 958653874
791479746 141143092
188611760 23352912
28749426 488924068
760785292 891585030
978518780 572478790
456106892 237240708
439193190 585850650
794840516 843322212
510718154 725114612
925392130 102186814
518505500 630543976
518409632 998801466
801333354 858900754
273963034 238796636
980119284 698965704
613330582 847697198
173868986 696200152
473844604 261820810
438067916 795410732
532010658 2807444
932637980 694982934
645903374 602010380
297706172 752478444
855925360 403527178
718909922 752601994
994735608 883194798
473993116 114093064
66256970 390455970
63195356 887931906
155321518 298068012
478884608 942008778
642675076 757402456
23943172 18598424
334853388 103597920
474313942 329130886
288210562 26292136
197596112 456425662
868414374 251710640
451109582 709205664
336231292 631993920
643924456 9298034
22661178 290537274
887201488 110441378
352792688 593506214
562102190 848717024
651785618 358989966
475896960 260413422
722707512 649864382
703597264 44639806
546094228 47582954
866283976 619715530
296593402 27843878
882875088 198506004
413757900 554234326
932255380 942271074
258898438 464654372
962930212 824224656
690154290 362070594
619936928 84462952
533643164 14190064
287809850 261200498
3283720 941006462
358394426 132613226
228041168 850797306
720766966 24493000
198262740 247792314
159637460 753611436
432414318 134145102
702898674 318327630
501177060 701403604
499807282 945862804
231809690 395524536
221876400 973260102
389119312 187795406
828375600 301754048
751129202 747074302
938469354 321692162
964584930 29170048
887604332 316154066
163235736 954508474
888753724 43364384
639047164 691545682
760896344 152113498
523013076 592959118
492431022 618070130
202191428 723584260
928111590 632570976
397272716 133499662
836830956 45146764
915097370 611197216
857586168 934554228
922146376 820621276
422712182 742361398
80706202 14962632
13955676 176394718
77348502 900149922
736824432 282023776
165282184 669880884
506788958 286219922
486754222 130747762
880191268 841608490
863151438 263737098
241725798 207535790
160376244 749115150
213860440 400616938
657663734 76561570
429765736 154071670
205111890 428521156
161495634 699081768
116560854 229967968
214143256 700963076
979508302 631859172
350716314 549874482
459903908 493402276
64378158 513741220
319852526 641983974
518507052 627076142
760709980 451870248
221437176 496595578
9026162 649092910
183973100 433380764
511172112 196034066
841576928 262491546
232909080 623168896
453597012 664309994
575511838 653009436
786589898 470873660
240319290 406418612
3845648 521344734
816881786 915806864
703754600 7566378
732909574 548934788
585271520 837970822
317835976 719836776
809680176 261973280
685031144 439155714
504219398 69783770
908323024 399519344
318823842 782521398
937135900 627885484
365187108 561756386
784483782 58594468
753808712 64410928
456152694 249918066
192649894 994166406
412229960 394457142
869022496 549618786
139611400 692676476
229363982 92734644
956148848 276229120
127898100 3444518
676701864 928547166
989176994 752699938
873700666 663873046
670996870 779172620
649753780 601837530
214470308 769500450
544490752 488332558
91131690 42512758
987741658 568309646
436864080 413766728
566677460 932832906
209893606 61673036
751302580 120037380
541172654 336105104
685683772 873095558
127336750 313627528
653717236 653533066
79327158 29635026
731750190 927007404
325086256 237032378
629434184 668472250
145285460 947217452
468893040 775312996
662059270 418755324
747557582 101231866
668976258 357677146
419889882 784854330
974121332 638694198
745160260 433977868
250192464 386566308
936567006 156385510
507132052 136989706
626100538 69157874
459487364 38406516
499253776 428429512
641412410 667745868
750144514 87735230
935429100 174947374
868500610 365813868
525904048 220993408
522393076 574446198
602438792 437187800
874564196 159896230
980477798 994381454
412759674 382717112
827179726 433520306
895049540 986112638
104043576 566900346
847468358 84434120
519349386 667796170
334855414 124320466
607036976 125684736
884180582 987636088
114706224 758070080
816434986 55756280
555405810 957496322
808871508 549694762
761791008 296270490
484505612 821451948
236436602 482617872
536814430 457843468
826715566 974486390
189881374 321418000
813135682 991159322
486101004 203770426
612543258 395821544
584867622 283384742
285264346 269310946
500283660 794774546
864755946 563284834
390853662 810653490
907311350 33324796
723858050 373937856
847745882 325191136
914904900 908314984
893878562 910000744
859058744 578080970
697010642 717269654
903737484 786223786
233075316 421723486
333127766 547051976
771022738 987750394
345345112 109992292
94057592 290981296
202487664 877717788
315836734 912568970
927088482 904467314
300214676 344440252
179787508 898071712
885575462 779865198
572041716 979439818
189474726 268631916
481813986 187972226
646179758 608366348
453151016 576135970
438011606 231268368
749155360 846133618
796309516 993015102
693229348 846475362
15881416 967877024
866523214 621783986
759034344 733889656
627117480 219584868
6464042 616293332
441635994 954533898
57481126 960680592
859486052 390461874
205562184 545909004
353193308 484079930
350552724 611764198
138078660 557566522
404542924 677664288
711032280 332620176
146531150 527840252
480208916 291742022
244412154 921995070
52909898 240303646
511904562 745957922
770979904 399644786
436126032 173354938
29576444 261717752
537051066 355725164
734905676 285146990
834320430 830784572
861957418 838596830
295255040 813830196
489107024 401316140
435787112 175082356
449310102 814451924
24656016 819272752
490363520 571961158
214283772 1608438
372401698 595900098
322099350 645238634
857849392 220733700
498195214 205772838
951144532 982368558
480763586 401145478
270939090 419973822
527745710 803517398
583014460 300522318
994129276 894431862
53836388 80035972
781959522 369736104
363334420 668261524
313367246 749408030
226273892 619224038
300341366 591354072
957433382 514392722
267531456 998497334
390345296 633462366
684880490 877494868
710352952 696715042
120344582 880217680
868962526 616402718
483906638 840447002
434082386 2220944
44081890 423516092
559243216 923181086
413000858 536276566
831678320 657975142
585177162 907761344
794558872 209240624
606196682 559833174
920640320 324196666
77622352 877640492
829508180 790056706
777869094 168803070
543080526 612435630
368359760 466565514
546022780 686172
827689744 784630196
513418938 970799514
280813840 447559548
406689474 914457426
683603358 978904434
797897446 489013300
962091454 787850808
41669096 87593010
253270166 367319446
515969608 881722136
79024946 859396170
430494736 408564240
178997116 878554960
217797480 515688624
394784860 949438812
449762060 741587414
564477936 400901306
548422076 724160066
25335276 299533644
199405336 215598092
660010360 986672834
271782720 37424022
492829846 258077558
567748202 803741442
308803474 793464334
958370790 834696366
525024614 416871056
958040970 787955094
645548558 329475132
59290526 541781092
394997488 862246466
522675250 677631050
932466108 926046610
25367866 911235862
985285708 96796522
336460626 454783390
610397170 455436226
350371080 79397182
726511096 95986652
856510212 588303888
190637616 897938476
914144836 254174118
68940698 159943090
374112478 70205796
580387198 687284896
6144936 713027698
890655848 747148810
872832206 351913058
53087214 769651518
418740992 948874298
3193872 924696010
227759274 456606776
137202422 963543484
511267886 590029006
949578178 954265920
46491268 131786806
719383562 858149558
613911454 525375676
27827540 755809324
427769674 386217122
620371800 441770122
108329430 936175288
604267176 371353160
52269124 868122978
980629148 386560778
673332232 578263642
781367150 31624528
352511810 736906260
90886578 968359962
270347866 97591868
268514488 286898736
294944348 20788870
714965806 894749956
922248728 586724546
42022646 764186646
116058006 888654584
766859108 362965710
146825882 143760558
823896366 576504622
734187528 956941582
823373844 464731470
363201590 597872320
751918042 496088150
679733940 938988572
383469526 192576836
781411024 365966698
876912648 980347876
555223926 952882590
682829844 974716894
346079176 448990154
263134242 882235118
434120784 328330140
102183224 704279104
239840958 749679622
955299664 418077392
665702518 911842860
517945006 59083806
381432456 989224410
973758480 475835630
482775652 652628866
502864384 548700392
370794556 568045544
36917434 77641120
821688956 627758948
754702992 486613402
764125006 759844236
853973832 594511554
666963000 153803122
243993820 562230004
967399910 359427716
361072796 119922896
660616752 622486638
965976576 272939750
48141822 166229540
635401780 221766240
360941062 745934762
265088800 446903054
105205170 701221448
281115666 117283986
164620114 360154430
565493278 504831492
195386712 899890648
18098454 386346342
149235770 190824898
357071154 144590410
737627382 556396466
738391968 809942560
731979892 78265666
196160432 821461764
172848426 112260642
595459864 566455896
444202216 367908882
504004816 296460482
949662288 687182748
20239450 752376048
466538924 828282392
310412986 477645170
19692198 743757572
736435378 782992238
822798684 916209400
938055492 575228480
576803120 569723874
297008930 396363648
462953486 803885782
459067618 586217274
590374948 933501788
803281936 932012292
178760748 855644
206728666 492993510
100396462 112570786
911090036 11018708
585226452 281937794
305499496 364773742
674556162 266854334
688168018 671743350
737573320 205930006
123112470 636379770
17821874 367430332
420432814 800572740
962218816 200769826
785255714 901934948
575065072 219230908
615649296 842176246
396672410 657657492
412333880 904356470
111695994 520285092
737079852 937377602
300879784 281445610
859756758 424605000
210327216 29086448
769382486 269936266
665885910 808954828
276216080 503865586
817632392 155198782
389720800 42384916
373804608 247745886
791984088 777290260
400453742 927344732
423473128 779780904
66750364 598791074
453888314 356459702
874663392 99092152
158006440 67503212
121896534 239275666
754119614 684237752
446614308 877712562
855870796 303128554
393900820 785079694
107956270 931957100
670713616 271118910
463176308 654309918
272867416 283784954
892748972 417858700
644127238 808985142
577951406 347917478
894871692 993253420
44898140 314511940
126927860 631113704
180617270 822026324
940748532 887033376
19451862 581025966
472246284 886787186
876175250 508207154
28824078 859260628
462459286 2143952
556365840 60061864
454343662 368306004
443104448 543745984
943939220 27215962
625166366 658913262
367215590 2855420
144072246 822723292
807114172 64384384
814872586 122616074
347585992 513890396
53028450 186590674
339870776 68801592
498476304 384076924
918486002 227138964
204008880 809778108
666263408 832861012
369986206 487446870
344745836 22008266
258499446 63378736
572185484 733273534
171914744 636484748
680153922 402948296
623994638 597331952
872569634 776080226
952222410 26975682
578120792 213021386
772407742 340317054
96821060 296934044
576078836 794485436
976138168 258140702
271877362 324907980
560849172 209722716
226260704 629084328
899497696 748130814
254582382 659960010
988501752 22074922
761591796 461610042
631573232 507431238
211189264 674228528
182330128 499696322
234099428 220064888
704965652 24641744
739460710 423545182
182961416 247228532
227386612 195125466
281653470 397477244
791742596 588243464
426016198 48522174
656706842 780519656
51682 74541964
881500548 659476394
125737808 403831366
947204060 789641538
247892018 338784262
739435438 58545646
459834408 154458138
588884086 963722668
287522246 651450458
517004226 880082292
754015134 604810364
997993278 289858514
96831512 794593938
802288344 281967268
375668524 369581752
998360046 222941160
655266414 15296002
19163104 14622826
297026066 987743886
644189672 374934666
214722900 392132876
864360980 951740408
713512738 853454860
512142240 314761168
942695304 101817266
967453842 408200792
926455396 724884080
578204684 252508012
321828168 1991004
578398118 617506410
517586078 21066970
915132002 143821310
699627454 146665510
901752672 402425908
570022612 495543176
475438910 414934
70410876 858398498
796919742 231840228
23109610 914487514
672589236 455196608
922846176 508749654
477514914 757847476
1866108 970002446
563207306 164497416
517253516 968684216
707021114 177878038
599555452 126019076
411398880 18500076
221767294 578481564
388589642 832775444
454453538 757042102
143205784 781521992
267752964 294631098
444443034 102019936
283511462 636078574
499200252 776582456
28479396 750570062
613070538 267258644
740646748 693647504
737329488 821522708
207217688 413593552
952221466 710258802
301171832 513314380
983409186 872894868
507656614 548680152
191052518 166476660
174510370 488169776
647539194 685722506
829792534 760370764
70031100 716330358
956934036 284524308
505418728 100057510
941127198 784750724
242169234 301338012
55012544 71088676
550661292 990873856
60439268 687272598
415347114 5215966
441426680 583537344
27127246 742133284
638516846 569466122
461217896 178796010
493688722 26141072
388634608 781297400
414730516 88424242
934331930 589498944
87207910 965239724
245469768 367169870
893627328 403127628
754799920 816365300
75498344 581712488
855414410 66209588
636018432 443924278
785568540 763619982
749895620 115041096
592989672 108720606
520882834 307612752
964536420 221593322
264245938 428144628
983591758 581769788
451703218 831435502
338804428 622331428
913726484 367131834
708381228 382970692
819777248 405757708
766092652 440555486
183792722 91477104
566133928 31886120
716384820 177073554
188532954 662334620
111063496 312342398
507410264 459203366
417862440 624586082
412552036 501710296
892928214 794352776
764534370 105131210
223664134 140769314
960979430 898600088
892791470 962666628
550104660 518925326
369836746 86886654
476368700 623824694
613965892 511272060
249342896 439068080
527910738 404720350
104548206 30769248
81241314 527619608
665157428 251718362
823875492 316779374
431978920 694991602
666172244 208593334
964612192 713093738
762916252 321613610
300037572 453547958
875789204 436407332
193836680 234093100
21383344 645736234
958484892 751634372
676608786 45348008
281134960 509057990
786682740 121180590
710899624 20668204
930702572 717645892
80876022 797234136
198366718 912797842
977264976 119177966
696835290 97489846
807756934 635285600
310022248 463176762
964065850 599857120
675095232 909192398
112146642 36071090
134692800 144261640
294486154 71888004
705050306 165717674
454792980 440316772
154421690 957272980
653039290 602192340
998986606 532070352
936496442 751840114
760048780 470938996
138132284 700935146
233075860 646498902
313897350 490347224
145938484 329910792
355107124 628481474
562950662 400853904
141907640 409836394
932000268 934984994
60071926 746986288
316044400 921672110
665743876 318276936
330418348 663310846
801188880 395265534
794834432 705319414
697824890 781663996
503571710 55028286
886840336 20725930
212752448 443289640
404907076 758096422
365699860 913781468
320218382 574776714
657135440 688334758
692005674 275406498
778066048 959282340
637129750 470779070
917025734 685308726
916201430 992336076
136113074 759540906
508471772 394613018
472519044 908457202
912530934 258950084
898546794 464832696
276534628 264322030
171427474 176802896
938248880 188364162
249173856 667939880
874698566 208583244
684225374 276404044
848765186 558611826
502405642 586795078
423259504 643116272
455148374 192284074
759655500 617766670
835538412 963766392
667822718 701042852
906701576 87498632
246432692 801720758
781367212 810426660
385424044 729665804
94733198 999680786
700445132 152253180
162866286 903732538
686197634 508888322
357962168 24719208
272341936 691013394
560462880 197601728
683174426 773584768
626123854 227382316
18955106 76082642
423814982 546009274
380432714 368220856
507991972 847967154
946338974 761086452
385303064 67660530
649609114 27573128
72240532 347340882
482362020 693546866
339155708 11233412
554772026 976668864
530753342 214782876
601643820 17950832
773234702 316184792
636568834 986778714
108816748 195212326
309887302 362707664
169012530 750414762
890282066 560690848
812049674 110659984
770722056 238087812
416794806 409218386
534077772 763331028
976521530 62094128
163882840 201777946
102590604 130406382
612442638 97091888
867900898 878932952
919335602 826192328
745697922 482468252
611956194 684249424
637707174 508849730
26390680 854163064
126600688 794763962
824792028 354635986
193565854 916793570
499067738 425513110
295700960 197356970
340225944 317092250
41706214 968857900
152854932 978522650
672793650 446076348
11925518 11920722
110600374 333005224
518312404 268903690
904877610 87626318
668547416 463790432
801667454 910794328
621856558 672976718
299400906 974328586
946912318 135507090
529404606 674086240
641697050 25286222
414064720 836057446
343073950 639478768
